Iteration: 1
Error: 0
{
	{
		{    0,     0,     0,     0,     0,     0,     0,     0, 		},
		{    0,     0,     0,     0,     0,     0,     0,     0, 		},
		{    0,     0,     0,     0,     0,     0,     0,     0, 		},
		{    0,     0,     0,     0,     0,     0,     0,     0, 		},
		{    0,     0,     0,     0,     0,     0,     0,     0, 		},
		{    0,     0,     0,     0,     0,     0,     0,     0, 		},
	},
	{
		{    0,     0,     0,     0,     0,     0,     0,     0, 		},
		{    0,     0,     0,     0,     0,     0,     0,     0, 		},
		{    0,     0,     0,     0,     0,     0,     0,     0, 		},
		{    0,     0,     0,     0,     0,     0,     0,     0, 		},
		{    0,     0,     0,     0,     0,     0,     0,     0, 		},
		{    0,     0,     0,     0,     0,     0,     0,     0, 		},
	},
	{
		{    0,     0,     0,     0,     0,     0,     0,     0, 		},
		{    0,     0,     0,     0,     0,     0,     0,     0, 		},
		{    0,     0,     0,     0,     0,     0,     0,     0, 		},
		{    0,     0,     0,     0,     0,     0,     0,     0, 		},
		{    0,     0,     0,     0,     0,     0,     0,     0, 		},
		{    0,     0,     0,     0,     0,     0,     0,     0, 		},
	},
	{
		{    0,     0,     0,     0,     0,     0,     0,     0, 		},
		{    0,     0,     0,     0,     0,     0,     0,     0, 		},
		{    0,     0,     0,     0,     0,     0,     0,     0, 		},
		{    0,     0,     0,     0,     0,     0,     0,     0, 		},
		{    0,     0,     0,     0,     0,     0,     0,     0, 		},
		{    0,     0,     0,     0,     0,     0,     0,     0, 		},
	},
}
