Iteration: 1
Error: 0.0653765
{
	{
		{
			 146,   77,   99,   95,  112,  100,   63,   64, 
			  47,  118,   77,   52,   60,  104,    2,  -29, 
			  51,  138,   29,   58,   -4,   73,   83,   -9, 
			  -4,    8,   37,   -6,  -22,  -19,    5,  -41, 
			  48,   37,   14,  -50,  -45,  -69,  -19,  -74, 
			   7,   23,  -61,  -71,  -80,  -56,  -10,  -33, 
			  41,  -13,  -22,  -73,  -58,  -26,   13,   11, 
			 -42,   30,    3,  -60,    6,  -34,   24,   20, 
		},
		{
			 983, 1004, 1051, 1068, 1089, 1100, 1024, 1009, 
			 998,  996,  995,  978,  987, 1118, 1049, 1158, 
			1007, 1009, 1030, 1050, 1061, 1104, 1131, 1084, 
			 995, 1007, 1014, 1016, 1021, 1028, 1012, 1038, 
			1007, 1014, 1013, 1017, 1027, 1018, 1033, 1015, 
			1008, 1030, 1017, 1024, 1019, 1032, 1035, 1020, 
			1006, 1027, 1030, 1027, 1033, 1045, 1048, 1030, 
			1026, 1009, 1017, 1033, 1013, 1000,  973, 1016, 
		},
		{
			 520,  526,  532,  543,  574,  583,  531,  514, 
			 485,  481,  515,  537,  512,  557,  565,  542, 
			 482,  483,  495,  513,  534,  546,  558,  522, 
			 452,  472,  496,  505,  489,  499,  513,  500, 
			 455,  448,  455,  470,  477,  471,  483,  461, 
			 448,  459,  469,  479,  477,  472,  494,  470, 
			 439,  462,  460,  469,  471,  478,  485,  419, 
			 464,  468,  482,  487,  491,  477,  437,  455, 
		},
		{
			 342,  330,  349,  318,  266,  331,  387,  321, 
			 339,  386,  361,  369,  386,  428,  377,  400, 
			 356,  371,  418,  392,  433,  418,  417,  408, 
			 341,  365,  390,  397,  395,  377,  376,  363, 
			 359,  376,  379,  398,  402,  378,  381,  346, 
			 389,  387,  386,  379,  383,  389,  379,  388, 
			 358,  394,  378,  370,  374,  398,  405,  378, 
			 375,  351,  365,  360,  349,  351,  368,  360, 
		},
		{
			 116,  272,  299,  284,  377,  228,  217,  233, 
			 269,  313,  411,  363,  418,  409,  349,  345, 
			 332,  358,  365,  399,  427,  457,  408,  345, 
			 352,  353,  355,  389,  361,  385,  343,  368, 
			 328,  337,  354,  351,  361,  363,  347,  318, 
			 320,  334,  354,  352,  360,  350,  359,  317, 
			 315,  311,  336,  339,  341,  356,  335,  334, 
			 284,  318,  290,  309,  311,  324,  315,  265, 
		},
		{
			  82,   82,   82,   82,   82,   82,   82,   82, 
			 101,  106,   89,  123,  140,  128,   78,   37, 
			  44,   69,   93,   86,  100,  138,   77,   50, 
			  62,   81,   75,   87,   99,   86,   81,   47, 
			  43,   75,   71,   89,   89,   79,   76,   32, 
			  51,   72,   76,   71,   88,   66,  108,   63, 
			  48,   82,   64,   60,   75,  102,  123,   65, 
			  82,   82,   82,   82,   82,   82,   82,   82, 
		},
	},
	{
		{
			 -79,  -32,  -36,  -29,  -28,  -16,  -15,  -44, 
			 -25,   -9,  -10,   -6,   -2,    9,   23,    9, 
			 -22,   -7,    7,    2,   15,   17,   21,   12, 
			 -25,   -2,    7,   17,   20,   26,   19,    7, 
			 -42,  -12,    8,   25,   27,   32,   11,    1, 
			 -33,   -9,   18,   28,   33,   26,    9,   -4, 
			 -37,   -7,    7,   24,   22,   15,    0,  -18, 
			 -36,  -35,  -17,  -10,  -36,  -13,  -30,  -57, 
		},
		{
			 944,  953,  944,  953,  935,  935,  935,  968, 
			 940,  942,  972, 1009, 1004,  970,  976,  853, 
			 915,  939,  968,  950,  993,  940,  911,  913, 
			 930,  958,  955,  980,  997,  994,  983,  956, 
			 933,  954,  955,  982,  967,  969,  957,  939, 
			 910,  904,  966,  939,  961,  947,  944,  922, 
			 933,  933,  925,  942,  931,  900,  889,  901, 
			 915,  913,  918,  893,  929,  916,  927,  882, 
		},
		{
			 519,  515,  516,  508,  498,  491,  501,  507, 
			 518,  529,  519,  511,  508,  501,  495,  492, 
			 515,  517,  512,  507,  497,  495,  494,  495, 
			 517,  512,  512,  508,  509,  505,  497,  497, 
			 510,  516,  517,  516,  511,  507,  496,  493, 
			 502,  507,  508,  505,  508,  497,  487,  491, 
			 506,  505,  512,  511,  506,  503,  498,  511, 
			 503,  514,  515,  517,  503,  499,  514,  486, 
		},
		{
			 277,  268,  270,  290,  293,  288,  265,  285, 
			 278,  285,  288,  279,  289,  271,  291,  248, 
			 292,  296,  288,  304,  282,  301,  285,  277, 
			 300,  306,  298,  305,  306,  292,  296,  282, 
			 282,  292,  305,  301,  299,  314,  281,  277, 
			 275,  291,  301,  307,  312,  294,  282,  268, 
			 281,  279,  281,  302,  301,  282,  282,  265, 
			 260,  277,  274,  284,  287,  281,  262,  270, 
		},
		{
			 250,  220,  248,  255,  233,  244,  242,  177, 
			 244,  255,  242,  261,  236,  242,  240,  217, 
			 247,  259,  285,  281,  254,  259,  246,  244, 
			 256,  284,  289,  298,  293,  286,  282,  251, 
			 262,  275,  293,  296,  297,  282,  266,  264, 
			 252,  271,  274,  289,  289,  272,  261,  249, 
			 245,  253,  259,  276,  273,  260,  254,  238, 
			 217,  242,  257,  268,  253,  263,  237,  237, 
		},
		{
			  94,   94,   94,   94,   94,   94,   94,   94, 
			 282,  278,  261,  224,  216,  231,  273,  271, 
			 206,  200,  185,  165,  153,  140,  178,  185, 
			 131,  120,  109,   95,   90,   95,  111,  115, 
			 111,  103,   87,   87,   83,   86,   97,   98, 
			 101,  101,   88,   97,   94,   91,   93,   93, 
			 113,  104,  108,  104,  104,   98,   96,   93, 
			  94,   94,   94,   94,   94,   94,   94,   94, 
		},
	},
	{14 20}
}
Iteration: 2
Error: 0.0653127
{
	{
		{
			 146,   77,   99,   95,  112,   94,   63,   64, 
			  47,  118,   77,   52,   60,  104,    2,  -29, 
			  51,  138,   29,   58,   -4,   73,   77,   -9, 
			  -4,    8,   37,   -6,  -22,  -19,    5,  -41, 
			  48,   37,   14,  -50,  -45,  -69,  -19,  -74, 
			   7,   23,  -61,  -71,  -80,  -56,  -10,  -33, 
			  41,  -13,  -22,  -73,  -58,  -26,   13,   11, 
			 -42,   30,    3,  -60,    4,  -34,   24,   20, 
		},
		{
			 989, 1004, 1051, 1068, 1089, 1100, 1024, 1009, 
			 998,  996,  995,  978,  987, 1118, 1049, 1158, 
			1007, 1009, 1035, 1050, 1061, 1104, 1131, 1084, 
			 995, 1007, 1015, 1016, 1021, 1028, 1012, 1038, 
			1007, 1014, 1013, 1017, 1027, 1018, 1033, 1015, 
			1008, 1030, 1017, 1025, 1019, 1026, 1033, 1020, 
			1006, 1027, 1030, 1027, 1033, 1045, 1048, 1030, 
			1023, 1009, 1017, 1033, 1013,  997,  973, 1017, 
		},
		{
			 525,  526,  532,  543,  574,  588,  531,  514, 
			 485,  481,  515,  537,  512,  557,  565,  542, 
			 482,  483,  495,  513,  533,  546,  558,  528, 
			 452,  472,  496,  505,  489,  499,  513,  500, 
			 455,  448,  455,  470,  477,  471,  483,  461, 
			 448,  459,  469,  480,  477,  472,  494,  470, 
			 439,  462,  460,  469,  471,  478,  486,  419, 
			 464,  468,  482,  487,  491,  477,  437,  457, 
		},
		{
			 342,  329,  349,  318,  266,  331,  386,  321, 
			 338,  380,  361,  369,  384,  428,  377,  400, 
			 355,  371,  417,  387,  423,  418,  417,  403, 
			 341,  365,  390,  397,  395,  372,  374,  363, 
			 358,  376,  377,  395,  400,  378,  381,  345, 
			 386,  386,  380,  379,  381,  383,  378,  380, 
			 358,  392,  377,  368,  373,  394,  403,  375, 
			 369,  351,  362,  356,  343,  347,  368,  356, 
		},
		{
			 126,  278,  299,  285,  377,  238,  217,  238, 
			 272,  313,  411,  363,  419,  410,  346,  345, 
			 332,  358,  370,  400,  432,  457,  407,  345, 
			 355,  353,  357,  390,  364,  385,  344,  368, 
			 328,  337,  354,  353,  366,  365,  350,  319, 
			 320,  336,  356,  354,  362,  352,  362,  319, 
			 316,  316,  338,  343,  345,  356,  340,  336, 
			 284,  321,  294,  312,  314,  326,  319,  265, 
		},
		{
			  82,   82,   82,   82,   82,   82,   82,   82, 
			 101,  107,   89,  123,  140,  128,   78,   39, 
			  45,   69,   92,   81,   99,  136,   77,   50, 
			  62,   81,   75,   87,   99,   81,   81,   47, 
			  43,   75,   70,   89,   88,   77,   76,   32, 
			  50,   71,   75,   71,   88,   64,  108,   63, 
			  47,   83,   64,   60,   75,  102,  123,   65, 
			  82,   82,   82,   82,   82,   82,   82,   82, 
		},
	},
	{
		{
			 -79,  -31,  -35,  -29,  -29,  -17,  -17,  -44, 
			 -25,   -9,  -10,   -6,   -2,    9,   22,    8, 
			 -23,   -9,    6,    2,   15,   17,   21,   11, 
			 -26,   -3,    6,   17,   19,   26,   18,    7, 
			 -42,  -12,    8,   26,   28,   32,   11,    1, 
			 -34,   -9,   18,   28,   33,   26,    9,   -3, 
			 -36,   -6,    8,   24,   22,   15,    0,  -18, 
			 -35,  -36,  -17,  -10,  -36,  -13,  -30,  -56, 
		},
		{
			 944,  958,  944,  953,  935,  930,  936,  967, 
			 946,  942,  975, 1009, 1004,  970,  976,  853, 
			 915,  944,  960,  950,  992,  940,  911,  913, 
			 930,  958,  955,  980,  999,  994,  984,  956, 
			 933,  954,  955,  982,  970,  969,  957,  939, 
			 911,  899,  965,  942,  966,  956,  949,  923, 
			 934,  938,  925,  945,  937,  900,  889,  901, 
			 921,  913,  918,  893,  934,  916,  927,  882, 
		},
		{
			 517,  514,  516,  509,  498,  490,  500,  508, 
			 518,  528,  519,  509,  507,  501,  494,  492, 
			 515,  516,  512,  507,  497,  495,  493,  494, 
			 517,  511,  511,  507,  509,  505,  497,  496, 
			 509,  516,  518,  516,  510,  507,  496,  493, 
			 502,  506,  507,  504,  507,  498,  487,  491, 
			 506,  506,  514,  511,  506,  503,  498,  512, 
			 503,  514,  515,  517,  503,  499,  514,  486, 
		},
		{
			 276,  269,  265,  286,  291,  282,  265,  284, 
			 277,  285,  288,  273,  284,  271,  285,  248, 
			 289,  291,  288,  298,  282,  297,  284,  277, 
			 294,  305,  296,  304,  301,  292,  289,  277, 
			 277,  287,  301,  296,  299,  301,  276,  277, 
			 269,  285,  297,  298,  306,  294,  275,  268, 
			 277,  271,  275,  292,  291,  279,  276,  264, 
			 256,  272,  262,  283,  280,  273,  261,  269, 
		},
		{
			 249,  220,  248,  256,  235,  244,  242,  176, 
			 244,  258,  245,  261,  236,  242,  239,  218, 
			 244,  259,  285,  281,  254,  259,  244,  245, 
			 257,  288,  289,  298,  294,  287,  286,  251, 
			 262,  274,  294,  296,  296,  282,  265,  265, 
			 257,  271,  274,  289,  289,  277,  261,  245, 
			 244,  248,  259,  276,  273,  260,  253,  238, 
			 219,  242,  260,  267,  253,  263,  237,  238, 
		},
		{
			  94,   94,   94,   94,   94,   94,   94,   94, 
			 282,  278,  261,  225,  215,  231,  273,  271, 
			 205,  200,  185,  166,  153,  142,  177,  186, 
			 131,  120,  109,   95,   90,   98,  111,  115, 
			 111,  103,   87,   87,   83,   86,   97,   98, 
			 101,  101,   88,   97,   94,   96,   93,   93, 
			 113,  104,  108,  108,  104,   98,   96,   93, 
			  94,   94,   94,   94,   94,   94,   94,   94, 
		},
	},
	{17 35}
}
Iteration: 3
Error: 0.0652773
{
	{
		{
			 150,   84,  104,   95,  113,   99,   73,   64, 
			  52,  118,   84,   52,   60,  109,    4,  -29, 
			  56,  143,   34,   64,    2,   73,   77,   -4, 
			   6,    8,   42,   -1,  -23,  -19,    5,  -41, 
			  49,   37,   14,  -50,  -45,  -69,  -25,  -72, 
			  17,   23,  -62,  -71,  -80,  -56,  -10,  -38, 
			  41,  -13,  -27,  -75,  -58,  -32,   13,   11, 
			 -44,   29,    3,  -65,    2,  -34,   24,   20, 
		},
		{
			 990, 1004, 1051, 1074, 1089, 1100, 1021, 1009, 
			 998,  996,  995,  977,  981, 1120, 1049, 1158, 
			1007, 1008, 1035, 1051, 1061, 1104, 1131, 1089, 
			 995, 1010, 1015, 1017, 1021, 1028, 1013, 1038, 
			1007, 1014, 1013, 1017, 1028, 1018, 1033, 1014, 
			1008, 1029, 1017, 1024, 1020, 1026, 1032, 1019, 
			1005, 1027, 1030, 1027, 1033, 1045, 1051, 1035, 
			1023, 1009, 1018, 1033, 1012,  997,  974, 1017, 
		},
		{
			 525,  526,  532,  543,  584,  589,  537,  511, 
			 485,  479,  515,  543,  512,  557,  565,  542, 
			 482,  483,  495,  512,  534,  546,  558,  528, 
			 451,  473,  495,  505,  489,  500,  513,  505, 
			 455,  448,  455,  470,  477,  470,  486,  461, 
			 447,  459,  469,  480,  477,  472,  494,  475, 
			 439,  463,  460,  470,  472,  477,  486,  420, 
			 464,  468,  482,  487,  491,  477,  440,  458, 
		},
		{
			 341,  325,  349,  307,  266,  332,  381,  313, 
			 338,  376,  352,  369,  380,  423,  372,  395, 
			 354,  371,  413,  383,  423,  412,  407,  398, 
			 336,  361,  384,  391,  391,  371,  371,  362, 
			 356,  371,  375,  394,  395,  375,  376,  339, 
			 384,  384,  379,  377,  378,  382,  374,  379, 
			 353,  390,  373,  366,  372,  390,  400,  369, 
			 369,  346,  360,  351,  342,  346,  362,  353, 
		},
		{
			 126,  278,  311,  285,  377,  243,  216,  240, 
			 272,  313,  411,  364,  420,  415,  346,  346, 
			 341,  362,  371,  404,  433,  457,  407,  345, 
			 355,  356,  357,  393,  365,  385,  345,  368, 
			 330,  342,  358,  356,  366,  366,  350,  321, 
			 323,  339,  358,  356,  365,  354,  364,  323, 
			 322,  316,  340,  345,  347,  360,  341,  340, 
			 286,  324,  296,  317,  318,  326,  321,  271, 
		},
		{
			  82,   82,   82,   82,   82,   82,   82,   82, 
			 102,  106,   89,  123,  140,  129,   76,   39, 
			  46,   68,   93,   81,  100,  130,   73,   50, 
			  62,   81,   75,   87,   99,   81,   81,   47, 
			  43,   75,   70,   89,   88,   77,   76,   32, 
			  50,   71,   75,   71,   88,   64,  108,   64, 
			  47,   83,   64,   60,   75,  102,  123,   65, 
			  82,   82,   82,   82,   82,   82,   82,   82, 
		},
	},
	{
		{
			 -79,  -35,  -35,  -29,  -29,  -17,  -18,  -44, 
			 -26,   -9,   -9,   -6,   -2,    8,   20,    8, 
			 -21,   -9,    6,    2,   15,   16,   21,   10, 
			 -28,   -3,    6,   17,   18,   26,   17,    7, 
			 -42,  -12,    9,   26,   28,   32,   12,    1, 
			 -35,  -10,   18,   29,   33,   27,    9,   -3, 
			 -36,   -6,    9,   24,   22,   18,    0,  -18, 
			 -33,  -31,  -22,  -10,  -36,  -13,  -30,  -56, 
		},
		{
			 942,  959,  944,  947,  935,  930,  938,  967, 
			 946,  942,  976, 1015, 1005,  970,  975,  853, 
			 918,  944,  962,  950,  992,  940,  913,  913, 
			 932,  958,  956,  980,  999,  999,  985,  955, 
			 939,  954,  954,  982,  970,  969,  957,  940, 
			 912,  908,  965,  944,  962,  959,  959,  928, 
			 938,  938,  925,  945,  937,  901,  890,  901, 
			 920,  913,  918,  893,  934,  922,  922,  888, 
		},
		{
			 518,  514,  516,  508,  495,  490,  498,  509, 
			 518,  528,  519,  509,  507,  501,  494,  491, 
			 515,  516,  512,  506,  497,  493,  493,  493, 
			 517,  511,  511,  506,  509,  505,  494,  492, 
			 509,  515,  518,  516,  510,  506,  496,  495, 
			 502,  506,  507,  504,  507,  498,  487,  491, 
			 506,  504,  514,  511,  506,  503,  499,  509, 
			 503,  514,  515,  517,  503,  499,  514,  486, 
		},
		{
			 277,  263,  265,  285,  287,  279,  263,  284, 
			 272,  279,  288,  272,  282,  266,  281,  245, 
			 284,  287,  285,  298,  276,  293,  283,  273, 
			 293,  299,  292,  299,  301,  288,  289,  274, 
			 277,  287,  296,  292,  294,  301,  276,  272, 
			 264,  285,  292,  298,  300,  290,  275,  264, 
			 272,  266,  275,  286,  289,  274,  276,  258, 
			 251,  272,  256,  277,  280,  268,  259,  264, 
		},
		{
			 250,  219,  247,  257,  232,  242,  243,  176, 
			 247,  258,  246,  261,  236,  236,  240,  218, 
			 244,  254,  285,  278,  255,  260,  245,  245, 
			 257,  288,  289,  298,  298,  287,  282,  249, 
			 264,  273,  294,  295,  296,  281,  265,  265, 
			 256,  273,  274,  287,  286,  277,  261,  242, 
			 239,  249,  259,  276,  268,  260,  250,  239, 
			 218,  242,  256,  267,  253,  263,  237,  238, 
		},
		{
			  94,   94,   94,   94,   94,   94,   94,   94, 
			 282,  277,  261,  222,  215,  231,  273,  271, 
			 205,  200,  185,  166,  152,  142,  177,  185, 
			 131,  120,  109,   95,   90,   98,  111,  115, 
			 111,  103,   87,   87,   83,   86,   97,   98, 
			 101,  101,   88,   97,   94,   96,   93,   93, 
			 113,  104,  108,  108,  104,   98,   96,   93, 
			  94,   94,   94,   94,   94,   94,   94,   94, 
		},
	},
	{17 42}
}
Iteration: 4
Error: 0.0652656
{
	{
		{
			 145,   85,  100,   96,  117,  102,   73,   64, 
			  56,  118,   80,   57,   60,  109,   14,  -20, 
			  51,  143,   34,   64,    7,   72,   83,   -4, 
			  14,   12,   47,   -5,  -23,  -14,    5,  -41, 
			  47,   39,   14,  -55,  -45,  -69,  -25,  -72, 
			  18,   23,  -61,  -71,  -80,  -56,  -10,  -38, 
			  41,  -18,  -27,  -78,  -61,  -37,   13,   11, 
			 -49,   23,    3,  -65,    2,  -34,   24,   20, 
		},
		{
			 990, 1005, 1051, 1079, 1088, 1106, 1022, 1009, 
			 998,  997,  994,  976,  986, 1114, 1049, 1158, 
			1002, 1009, 1035, 1051, 1062, 1104, 1129, 1084, 
			 995, 1009, 1015, 1019, 1020, 1028, 1013, 1038, 
			1007, 1014, 1013, 1017, 1028, 1019, 1033, 1013, 
			1008, 1029, 1017, 1024, 1020, 1026, 1030, 1019, 
			1005, 1027, 1030, 1027, 1033, 1045, 1051, 1035, 
			1022, 1009, 1018, 1033, 1012,  996,  974, 1017, 
		},
		{
			 525,  526,  532,  543,  584,  589,  537,  511, 
			 484,  479,  515,  543,  513,  557,  566,  542, 
			 482,  483,  495,  512,  534,  546,  558,  527, 
			 451,  470,  495,  505,  489,  501,  513,  505, 
			 455,  453,  454,  472,  477,  470,  487,  461, 
			 448,  459,  469,  480,  477,  472,  494,  470, 
			 442,  464,  461,  469,  472,  477,  486,  420, 
			 464,  468,  482,  487,  491,  477,  440,  458, 
		},
		{
			 336,  327,  345,  302,  256,  327,  385,  314, 
			 333,  376,  352,  369,  375,  423,  372,  395, 
			 352,  366,  413,  379,  423,  412,  407,  398, 
			 336,  361,  384,  391,  387,  371,  369,  362, 
			 350,  371,  374,  390,  395,  374,  375,  339, 
			 384,  384,  379,  375,  378,  382,  373,  379, 
			 353,  390,  373,  366,  369,  390,  399,  369, 
			 367,  346,  360,  351,  338,  346,  362,  353, 
		},
		{
			 126,  278,  306,  290,  378,  243,  210,  240, 
			 275,  316,  410,  364,  424,  415,  351,  346, 
			 341,  365,  371,  404,  433,  457,  411,  345, 
			 355,  357,  359,  394,  365,  385,  348,  369, 
			 332,  347,  358,  357,  366,  367,  353,  323, 
			 324,  339,  360,  357,  366,  355,  364,  324, 
			 322,  318,  342,  346,  348,  361,  341,  339, 
			 287,  324,  297,  316,  318,  326,  322,  272, 
		},
		{
			  82,   82,   82,   82,   82,   82,   82,   82, 
			 103,  106,   84,  123,  140,  129,   76,   39, 
			  46,   69,   93,   81,  100,  133,   72,   50, 
			  62,   81,   75,   86,   99,   81,   81,   47, 
			  43,   75,   70,   89,   88,   77,   76,   32, 
			  50,   71,   75,   71,   88,   64,  108,   64, 
			  47,   83,   64,   60,   75,  102,  123,   65, 
			  82,   82,   82,   82,   82,   82,   82,   82, 
		},
	},
	{
		{
			 -79,  -35,  -35,  -29,  -29,  -17,  -18,  -43, 
			 -27,  -10,   -9,   -6,   -3,    6,   19,    7, 
			 -21,  -10,    6,    2,   13,   15,   20,   10, 
			 -28,   -3,    6,   17,   18,   25,   17,    7, 
			 -43,  -12,    9,   27,   28,   32,   12,    1, 
			 -35,  -10,   18,   29,   33,   27,    9,   -3, 
			 -36,   -6,   10,   25,   22,   18,    0,  -18, 
			 -33,  -31,  -21,  -10,  -36,  -13,  -30,  -56, 
		},
		{
			 942,  959,  945,  947,  934,  930,  938,  968, 
			 946,  942,  976, 1014, 1005,  976,  976,  849, 
			 924,  944,  962,  950,  992,  942,  913,  913, 
			 932,  958,  956,  976, 1004,  999,  986,  955, 
			 938,  958,  956,  981,  970,  967,  958,  940, 
			 917,  908,  966,  945,  967,  959,  960,  924, 
			 938,  937,  925,  950,  937,  901,  890,  901, 
			 920,  918,  918,  893,  934,  922,  928,  889, 
		},
		{
			 518,  513,  513,  508,  495,  488,  498,  509, 
			 518,  528,  519,  509,  507,  501,  494,  491, 
			 515,  516,  511,  506,  497,  493,  491,  493, 
			 517,  511,  511,  506,  509,  505,  495,  493, 
			 509,  514,  517,  515,  511,  506,  496,  494, 
			 502,  506,  507,  504,  507,  498,  487,  491, 
			 506,  506,  513,  511,  507,  503,  498,  509, 
			 503,  514,  515,  517,  503,  499,  514,  486, 
		},
		{
			 272,  262,  264,  284,  287,  279,  263,  281, 
			 267,  278,  280,  272,  283,  266,  282,  244, 
			 284,  286,  281,  298,  275,  293,  283,  269, 
			 291,  299,  292,  299,  300,  288,  289,  274, 
			 276,  283,  296,  292,  294,  297,  276,  272, 
			 264,  281,  289,  298,  300,  290,  275,  259, 
			 273,  266,  275,  286,  289,  274,  276,  258, 
			 251,  272,  256,  278,  280,  268,  259,  264, 
		},
		{
			 250,  220,  247,  252,  232,  242,  243,  180, 
			 241,  258,  246,  261,  236,  241,  235,  218, 
			 243,  254,  284,  279,  255,  255,  245,  245, 
			 257,  288,  289,  298,  298,  288,  282,  249, 
			 264,  271,  294,  295,  296,  281,  264,  265, 
			 256,  273,  274,  287,  285,  277,  260,  242, 
			 240,  249,  258,  276,  268,  260,  251,  236, 
			 220,  242,  258,  267,  253,  263,  237,  238, 
		},
		{
			  94,   94,   94,   94,   94,   94,   94,   94, 
			 282,  277,  261,  224,  214,  231,  273,  271, 
			 205,  200,  185,  167,  152,  142,  177,  185, 
			 131,  120,  109,   95,   90,   98,  111,  115, 
			 111,  103,   87,   87,   83,   86,   97,   98, 
			 101,  101,   88,   97,   94,   96,   93,   93, 
			 113,  104,  108,  108,  104,   98,   96,   93, 
			  94,   94,   94,   94,   94,   94,   94,   94, 
		},
	},
	{17 47}
}
Iteration: 5
Error: 0.0652625
{
	{
		{
			 146,   79,  101,   96,  117,  102,   73,   68, 
			  56,  128,   80,   57,   60,  109,   19,  -25, 
			  56,  143,   39,   59,    7,   73,   83,   -3, 
			   9,   12,   46,   -5,  -18,  -14,    5,  -36, 
			  47,   39,    8,  -55,  -45,  -69,  -25,  -72, 
			  13,   23,  -61,  -76,  -80,  -56,  -15,  -38, 
			  42,  -17,  -27,  -78,  -61,  -37,   13,   11, 
			 -50,   23,    3,  -65,    2,  -35,   24,   20, 
		},
		{
			 990, 1005, 1051, 1079, 1088, 1107, 1022, 1009, 
			 998,  997,  993,  971,  985, 1114, 1049, 1161, 
			1002, 1009, 1035, 1051, 1062, 1104, 1129, 1085, 
			 995, 1009, 1016, 1020, 1020, 1028, 1013, 1038, 
			1006, 1014, 1012, 1017, 1028, 1019, 1033, 1013, 
			1007, 1029, 1017, 1024, 1020, 1026, 1030, 1019, 
			1005, 1027, 1030, 1027, 1033, 1045, 1051, 1035, 
			1022, 1009, 1018, 1033, 1012,  996,  975, 1017, 
		},
		{
			 524,  526,  537,  543,  584,  594,  537,  511, 
			 484,  479,  515,  543,  513,  557,  566,  542, 
			 482,  484,  495,  512,  534,  546,  559,  527, 
			 451,  470,  495,  505,  489,  501,  512,  505, 
			 455,  453,  454,  471,  477,  470,  487,  461, 
			 448,  460,  469,  480,  477,  472,  494,  470, 
			 442,  464,  461,  469,  472,  477,  486,  421, 
			 464,  468,  482,  487,  491,  477,  442,  458, 
		},
		{
			 341,  327,  345,  302,  256,  326,  375,  314, 
			 338,  376,  352,  364,  375,  423,  372,  394, 
			 349,  366,  413,  378,  422,  412,  407,  398, 
			 336,  361,  384,  390,  387,  369,  369,  357, 
			 351,  370,  374,  390,  395,  374,  375,  340, 
			 384,  380,  379,  375,  378,  382,  373,  379, 
			 353,  390,  373,  366,  369,  390,  399,  369, 
			 367,  346,  360,  351,  338,  346,  362,  353, 
		},
		{
			 126,  284,  307,  295,  383,  238,  210,  239, 
			 280,  316,  415,  365,  424,  416,  351,  352, 
			 341,  365,  371,  404,  433,  462,  411,  345, 
			 355,  357,  359,  395,  365,  388,  348,  374, 
			 332,  347,  358,  357,  366,  369,  353,  324, 
			 324,  339,  360,  357,  366,  355,  364,  324, 
			 322,  318,  341,  346,  348,  362,  341,  339, 
			 287,  324,  295,  316,  318,  326,  322,  272, 
		},
		{
			  82,   82,   82,   82,   82,   82,   82,   82, 
			 103,  106,   89,  123,  140,  129,   76,   39, 
			  46,   69,   93,   81,  100,  133,   72,   50, 
			  62,   81,   75,   86,   99,   81,   81,   47, 
			  43,   75,   70,   89,   88,   77,   76,   32, 
			  50,   71,   75,   71,   88,   64,  108,   64, 
			  47,   83,   64,   60,   75,  102,  123,   65, 
			  82,   82,   82,   82,   82,   82,   82,   82, 
		},
	},
	{
		{
			 -79,  -31,  -36,  -29,  -29,  -17,  -17,  -43, 
			 -27,  -15,   -9,   -7,   -3,    8,   19,    7, 
			 -22,   -9,    5,    2,   13,   15,   19,   10, 
			 -27,   -3,    5,   17,   18,   25,   16,    7, 
			 -42,  -12,    9,   27,   28,   32,   12,    1, 
			 -35,  -10,   18,   29,   33,   27,    9,   -3, 
			 -36,   -6,   10,   25,   22,   18,    0,  -18, 
			 -33,  -31,  -21,  -10,  -36,  -13,  -30,  -56, 
		},
		{
			 942,  959,  945,  947,  934,  930,  939,  967, 
			 946,  942,  976, 1020, 1005,  976,  976,  849, 
			 924,  944,  962,  950,  992,  942,  913,  913, 
			 932,  958,  956,  976, 1004,  999,  986,  955, 
			 939,  958,  956,  981,  970,  967,  958,  945, 
			 916,  908,  966,  945,  967,  959,  960,  924, 
			 939,  937,  925,  950,  937,  901,  890,  901, 
			 920,  918,  918,  893,  934,  918,  923,  890, 
		},
		{
			 517,  513,  513,  508,  495,  488,  498,  506, 
			 518,  528,  519,  509,  507,  500,  493,  491, 
			 515,  516,  511,  505,  497,  493,  491,  492, 
			 517,  511,  512,  506,  509,  505,  494,  493, 
			 509,  514,  517,  515,  510,  506,  495,  494, 
			 502,  506,  507,  504,  507,  499,  487,  491, 
			 506,  506,  513,  511,  507,  503,  498,  509, 
			 503,  514,  515,  517,  503,  499,  514,  486, 
		},
		{
			 272,  262,  265,  284,  288,  279,  263,  281, 
			 267,  278,  280,  272,  283,  266,  277,  244, 
			 284,  286,  281,  298,  275,  293,  280,  269, 
			 291,  299,  292,  298,  300,  288,  283,  274, 
			 276,  283,  296,  292,  294,  297,  276,  272, 
			 264,  281,  289,  298,  300,  289,  271,  259, 
			 273,  259,  269,  286,  289,  274,  276,  257, 
			 252,  268,  256,  278,  280,  268,  256,  264, 
		},
		{
			 250,  220,  247,  252,  232,  242,  243,  180, 
			 241,  256,  240,  261,  236,  241,  235,  218, 
			 243,  254,  284,  279,  255,  255,  245,  245, 
			 257,  288,  289,  298,  298,  287,  282,  248, 
			 264,  270,  295,  295,  296,  280,  264,  265, 
			 256,  273,  274,  287,  285,  277,  260,  242, 
			 240,  250,  258,  276,  268,  260,  251,  241, 
			 213,  242,  258,  267,  252,  264,  237,  237, 
		},
		{
			  94,   94,   94,   94,   94,   94,   94,   94, 
			 281,  277,  261,  224,  214,  231,  274,  272, 
			 205,  200,  185,  167,  152,  142,  177,  185, 
			 131,  120,  109,   95,   90,   98,  111,  115, 
			 111,  103,   87,   87,   83,   86,   97,   98, 
			 101,  101,   88,   97,   94,   96,   93,   93, 
			 113,  104,  108,  108,  104,   98,   96,   93, 
			  94,   94,   94,   94,   94,   94,   94,   94, 
		},
	},
	{17 47}
}
Iteration: 6
Error: 0.0652608
{
	{
		{
			 146,   79,  101,  101,  119,   96,   69,   68, 
			  56,  134,   79,   57,   66,  109,   19,  -21, 
			  56,  143,   43,   59,    7,   73,   91,   -4, 
			   9,   12,   46,   -5,  -19,  -14,    5,  -36, 
			  47,   39,    8,  -55,  -45,  -69,  -25,  -72, 
			  13,   23,  -61,  -76,  -80,  -56,  -15,  -38, 
			  43,  -17,  -27,  -78,  -61,  -37,   13,   11, 
			 -49,   23,    3,  -65,    2,  -35,   24,   20, 
		},
		{
			 990, 1006, 1051, 1080, 1088, 1111, 1022, 1009, 
			 998,  997,  993,  972,  985, 1114, 1049, 1161, 
			1003, 1009, 1035, 1051, 1062, 1104, 1129, 1085, 
			 995, 1009, 1016, 1020, 1020, 1028, 1013, 1038, 
			1006, 1014, 1012, 1017, 1028, 1019, 1033, 1013, 
			1007, 1029, 1017, 1024, 1020, 1026, 1030, 1019, 
			1005, 1027, 1030, 1027, 1033, 1046, 1051, 1031, 
			1022, 1009, 1018, 1033, 1012,  998,  975, 1012, 
		},
		{
			 524,  526,  537,  543,  584,  594,  543,  518, 
			 484,  479,  515,  543,  513,  557,  571,  542, 
			 482,  484,  495,  516,  533,  546,  559,  533, 
			 451,  470,  495,  505,  489,  501,  512,  505, 
			 455,  452,  454,  471,  477,  471,  487,  465, 
			 448,  460,  469,  480,  477,  473,  495,  470, 
			 441,  464,  461,  469,  472,  477,  485,  421, 
			 464,  468,  482,  487,  491,  477,  442,  458, 
		},
		{
			 341,  327,  344,  301,  261,  326,  369,  313, 
			 338,  376,  352,  364,  375,  423,  372,  394, 
			 349,  365,  413,  378,  422,  412,  407,  398, 
			 336,  361,  384,  390,  387,  369,  369,  357, 
			 351,  370,  372,  390,  395,  374,  375,  340, 
			 384,  380,  379,  375,  378,  382,  373,  380, 
			 353,  390,  373,  366,  369,  390,  399,  369, 
			 367,  346,  360,  351,  338,  346,  363,  353, 
		},
		{
			 126,  283,  307,  295,  383,  245,  210,  239, 
			 279,  316,  415,  365,  424,  416,  351,  352, 
			 341,  365,  371,  404,  433,  462,  412,  345, 
			 355,  359,  359,  395,  365,  388,  348,  374, 
			 332,  347,  359,  357,  366,  369,  353,  324, 
			 324,  339,  360,  357,  367,  355,  364,  324, 
			 323,  318,  341,  346,  348,  362,  341,  339, 
			 287,  324,  296,  316,  318,  326,  322,  272, 
		},
		{
			  82,   82,   82,   82,   82,   82,   82,   82, 
			 103,  106,   89,  123,  140,  127,   76,   40, 
			  46,   69,   93,   81,  100,  133,   72,   50, 
			  62,   81,   75,   86,   99,   81,   81,   47, 
			  43,   75,   70,   89,   88,   77,   76,   32, 
			  50,   71,   75,   71,   88,   64,  108,   64, 
			  47,   83,   64,   60,   75,  102,  123,   65, 
			  82,   82,   82,   82,   82,   82,   82,   82, 
		},
	},
	{
		{
			 -78,  -31,  -35,  -29,  -29,  -17,  -17,  -44, 
			 -27,  -14,   -9,   -7,   -3,    8,   19,    6, 
			 -22,   -9,    5,    2,   13,   15,   18,   10, 
			 -27,   -3,    5,   16,   18,   25,   16,    7, 
			 -41,  -12,    9,   27,   28,   32,   12,    1, 
			 -35,  -10,   18,   29,   33,   27,    9,   -3, 
			 -36,   -5,   10,   25,   22,   18,    0,  -18, 
			 -32,  -31,  -21,  -10,  -36,  -13,  -30,  -56, 
		},
		{
			 942,  959,  946,  947,  934,  929,  939,  967, 
			 946,  947,  976, 1020, 1004,  976,  975,  849, 
			 924,  944,  962,  950,  992,  942,  913,  913, 
			 932,  958,  956,  976, 1004,  999,  986,  955, 
			 939,  957,  957,  982,  970,  967,  959,  945, 
			 911,  908,  966,  945,  967,  959,  960,  929, 
			 939,  937,  925,  950,  937,  901,  890,  901, 
			 920,  918,  918,  893,  934,  918,  923,  895, 
		},
		{
			 517,  513,  513,  508,  495,  487,  498,  506, 
			 518,  528,  519,  509,  508,  500,  493,  491, 
			 515,  516,  511,  505,  495,  493,  491,  492, 
			 517,  511,  512,  506,  507,  505,  494,  494, 
			 509,  514,  517,  515,  510,  506,  496,  494, 
			 502,  506,  507,  504,  507,  499,  487,  491, 
			 506,  505,  513,  511,  507,  503,  498,  509, 
			 503,  514,  515,  517,  503,  499,  514,  486, 
		},
		{
			 272,  262,  265,  284,  287,  279,  263,  280, 
			 267,  278,  280,  272,  281,  265,  277,  243, 
			 284,  286,  281,  298,  275,  293,  281,  269, 
			 291,  299,  292,  298,  296,  288,  283,  274, 
			 276,  283,  296,  291,  294,  297,  276,  266, 
			 264,  282,  289,  292,  300,  289,  271,  260, 
			 273,  259,  269,  286,  289,  273,  276,  257, 
			 252,  268,  256,  278,  279,  268,  256,  264, 
		},
		{
			 250,  219,  247,  251,  230,  241,  243,  179, 
			 241,  256,  240,  261,  236,  241,  236,  218, 
			 243,  254,  284,  279,  253,  255,  245,  246, 
			 257,  288,  289,  298,  298,  287,  282,  248, 
			 264,  270,  294,  295,  296,  280,  264,  265, 
			 256,  273,  274,  287,  285,  277,  260,  242, 
			 240,  250,  258,  276,  268,  260,  251,  241, 
			 219,  242,  258,  267,  252,  264,  237,  237, 
		},
		{
			  94,   94,   94,   94,   94,   94,   94,   94, 
			 281,  277,  261,  224,  214,  231,  274,  272, 
			 205,  200,  185,  167,  152,  142,  177,  185, 
			 131,  120,  109,   95,   90,   98,  111,  115, 
			 111,  103,   87,   87,   83,   86,   97,   98, 
			 101,  101,   88,   97,   94,   96,   93,   93, 
			 113,  104,  108,  108,  104,   98,   96,   93, 
			  94,   94,   94,   94,   94,   94,   94,   94, 
		},
	},
	{17 47}
}
Iteration: 7
Error: 0.06526
{
	{
		{
			 146,   78,  101,  101,  119,   97,   67,   67, 
			  56,  135,   84,   57,   66,  109,   19,  -16, 
			  56,  148,   43,   60,    7,   73,   91,   -4, 
			  16,   12,   46,   -5,  -19,  -14,    5,  -36, 
			  47,   39,    8,  -57,  -45,  -69,  -25,  -72, 
			  13,   23,  -61,  -76,  -80,  -56,  -15,  -38, 
			  43,  -17,  -27,  -78,  -61,  -37,   13,   11, 
			 -49,   23,    3,  -65,    2,  -35,   24,   20, 
		},
		{
			 990, 1006, 1051, 1079, 1093, 1111, 1022, 1009, 
			 998,  997,  993,  971,  985, 1114, 1049, 1161, 
			1002, 1009, 1035, 1051, 1061, 1104, 1129, 1085, 
			 995, 1009, 1016, 1020, 1020, 1028, 1013, 1038, 
			1006, 1014, 1012, 1017, 1028, 1019, 1033, 1013, 
			1007, 1029, 1017, 1024, 1020, 1026, 1030, 1019, 
			1005, 1027, 1030, 1027, 1033, 1046, 1051, 1031, 
			1022, 1009, 1018, 1033, 1012,  998,  975, 1012, 
		},
		{
			 529,  526,  539,  543,  584,  594,  543,  518, 
			 484,  479,  515,  543,  513,  558,  571,  542, 
			 482,  484,  495,  516,  535,  546,  559,  533, 
			 451,  470,  495,  505,  491,  501,  512,  505, 
			 455,  452,  454,  471,  477,  471,  487,  465, 
			 448,  460,  469,  480,  477,  473,  495,  470, 
			 441,  464,  461,  469,  472,  477,  485,  421, 
			 464,  468,  482,  487,  491,  477,  442,  458, 
		},
		{
			 338,  327,  345,  301,  257,  326,  368,  313, 
			 338,  376,  352,  363,  375,  422,  372,  394, 
			 349,  365,  413,  378,  422,  412,  407,  398, 
			 335,  361,  384,  390,  387,  369,  369,  357, 
			 351,  371,  372,  390,  395,  374,  374,  340, 
			 384,  380,  379,  375,  378,  382,  373,  380, 
			 353,  390,  373,  366,  369,  390,  399,  369, 
			 367,  346,  360,  351,  338,  346,  363,  353, 
		},
		{
			 126,  282,  309,  296,  384,  245,  212,  239, 
			 279,  316,  415,  366,  424,  416,  351,  352, 
			 341,  365,  371,  404,  433,  462,  412,  345, 
			 355,  359,  359,  395,  366,  388,  348,  374, 
			 332,  347,  359,  357,  366,  369,  353,  324, 
			 324,  339,  360,  357,  367,  355,  364,  324, 
			 323,  318,  341,  346,  348,  362,  341,  339, 
			 287,  324,  296,  316,  318,  326,  322,  272, 
		},
		{
			  82,   82,   82,   82,   82,   82,   82,   82, 
			 102,  106,   89,  123,  140,  127,   76,   40, 
			  46,   69,   93,   81,  100,  133,   72,   50, 
			  62,   81,   75,   86,   99,   81,   81,   47, 
			  43,   75,   70,   89,   88,   77,   76,   32, 
			  50,   71,   75,   71,   88,   64,  108,   64, 
			  47,   83,   64,   60,   75,  102,  123,   65, 
			  82,   82,   82,   82,   82,   82,   82,   82, 
		},
	},
	{
		{
			 -78,  -32,  -36,  -30,  -29,  -17,  -17,  -44, 
			 -26,  -14,   -9,   -7,   -3,    8,   19,    6, 
			 -22,   -9,    5,    2,   13,   15,   18,   10, 
			 -28,   -3,    5,   16,   18,   25,   16,    7, 
			 -41,  -12,    9,   27,   28,   32,   12,    1, 
			 -35,  -10,   18,   29,   33,   27,    9,   -3, 
			 -36,   -5,   10,   25,   22,   18,    0,  -18, 
			 -31,  -31,  -21,  -10,  -36,  -13,  -30,  -56, 
		},
		{
			 942,  959,  946,  947,  933,  929,  939,  967, 
			 946,  947,  977, 1020, 1004,  976,  975,  849, 
			 924,  944,  962,  950,  992,  943,  913,  913, 
			 932,  958,  956,  976, 1004,  999,  986,  955, 
			 939,  957,  957,  982,  970,  967,  959,  945, 
			 911,  908,  966,  946,  967,  959,  960,  929, 
			 939,  937,  925,  950,  937,  901,  884,  901, 
			 920,  918,  918,  893,  934,  918,  923,  895, 
		},
		{
			 517,  513,  513,  508,  495,  487,  498,  506, 
			 518,  528,  519,  509,  508,  500,  493,  491, 
			 515,  516,  511,  505,  495,  493,  491,  491, 
			 517,  511,  512,  506,  506,  505,  494,  494, 
			 509,  514,  517,  515,  510,  506,  496,  494, 
			 502,  506,  507,  504,  507,  499,  487,  491, 
			 506,  505,  513,  511,  507,  503,  498,  509, 
			 503,  514,  515,  517,  503,  499,  514,  486, 
		},
		{
			 272,  262,  261,  284,  287,  279,  263,  279, 
			 267,  278,  280,  272,  281,  265,  278,  243, 
			 284,  285,  281,  298,  275,  293,  281,  269, 
			 291,  294,  292,  298,  296,  288,  283,  274, 
			 275,  282,  296,  290,  290,  297,  275,  266, 
			 264,  282,  289,  292,  300,  289,  271,  260, 
			 273,  259,  269,  286,  289,  273,  276,  258, 
			 252,  268,  256,  278,  279,  268,  256,  264, 
		},
		{
			 250,  218,  247,  251,  230,  241,  243,  179, 
			 241,  256,  240,  259,  236,  236,  236,  218, 
			 243,  254,  284,  279,  253,  255,  245,  246, 
			 257,  288,  289,  298,  298,  287,  282,  248, 
			 264,  270,  294,  295,  296,  280,  264,  265, 
			 256,  273,  274,  287,  285,  277,  260,  242, 
			 240,  250,  258,  276,  268,  260,  251,  241, 
			 219,  242,  257,  267,  252,  264,  237,  237, 
		},
		{
			  94,   94,   94,   94,   94,   94,   94,   94, 
			 282,  277,  261,  224,  214,  231,  274,  272, 
			 205,  200,  185,  167,  152,  142,  177,  185, 
			 131,  120,  109,   95,   90,   98,  111,  115, 
			 111,  103,   87,   87,   83,   86,   97,   98, 
			 101,  101,   88,   97,   94,   96,   93,   93, 
			 113,  104,  108,  108,  104,   98,   96,   93, 
			  94,   94,   94,   94,   94,   94,   94,   94, 
		},
	},
	{17 47}
}
Iteration: 8
Error: 0.0652594
{
	{
		{
			 141,   82,  101,  101,  117,   97,   67,   67, 
			  56,  125,   84,   57,   66,  109,   19,  -16, 
			  51,  148,   43,   60,    7,   73,   91,   -4, 
			  11,   12,   46,    0,  -19,  -14,    5,  -36, 
			  47,   33,    8,  -57,  -46,  -69,  -25,  -72, 
			  14,   23,  -61,  -76,  -80,  -56,  -15,  -38, 
			  43,  -17,  -27,  -78,  -61,  -37,   13,   11, 
			 -49,   23,    3,  -65,    2,  -35,   24,   20, 
		},
		{
			 990, 1006, 1051, 1079, 1093, 1111, 1017, 1009, 
			 998,  997,  993,  971,  985, 1114, 1049, 1161, 
			1002, 1009, 1035, 1051, 1061, 1104, 1129, 1085, 
			 995, 1009, 1016, 1020, 1020, 1028, 1013, 1038, 
			1006, 1014, 1012, 1017, 1028, 1019, 1033, 1013, 
			1007, 1028, 1017, 1024, 1020, 1026, 1030, 1019, 
			1005, 1027, 1030, 1027, 1033, 1046, 1051, 1031, 
			1022, 1009, 1018, 1033, 1012,  998,  975, 1012, 
		},
		{
			 529,  526,  539,  543,  584,  594,  543,  518, 
			 484,  479,  515,  543,  513,  558,  571,  542, 
			 482,  484,  495,  516,  535,  546,  559,  533, 
			 451,  470,  495,  505,  491,  501,  512,  505, 
			 455,  452,  454,  471,  477,  471,  487,  465, 
			 448,  460,  469,  480,  477,  473,  495,  470, 
			 441,  464,  461,  469,  472,  477,  485,  421, 
			 464,  468,  482,  487,  491,  477,  442,  458, 
		},
		{
			 338,  326,  350,  301,  252,  326,  368,  313, 
			 338,  376,  352,  363,  375,  422,  371,  394, 
			 349,  365,  413,  378,  422,  412,  407,  398, 
			 335,  361,  384,  390,  387,  369,  369,  357, 
			 350,  371,  372,  390,  395,  374,  374,  340, 
			 384,  380,  379,  375,  378,  382,  373,  380, 
			 351,  390,  373,  366,  369,  390,  399,  369, 
			 367,  346,  360,  351,  338,  346,  363,  353, 
		},
		{
			 126,  289,  309,  296,  384,  245,  212,  239, 
			 279,  316,  415,  366,  424,  422,  351,  352, 
			 341,  365,  371,  404,  433,  462,  412,  345, 
			 355,  359,  359,  395,  366,  388,  348,  374, 
			 334,  347,  359,  357,  368,  369,  353,  324, 
			 324,  339,  360,  357,  367,  355,  364,  324, 
			 323,  318,  341,  346,  348,  362,  341,  339, 
			 287,  324,  296,  316,  318,  326,  322,  271, 
		},
		{
			  82,   82,   82,   82,   82,   82,   82,   82, 
			 102,  106,   89,  123,  140,  127,   76,   40, 
			  46,   69,   93,   81,  100,  133,   72,   50, 
			  62,   81,   75,   86,   99,   81,   81,   47, 
			  43,   75,   70,   89,   88,   77,   76,   32, 
			  50,   71,   75,   71,   88,   64,  108,   64, 
			  47,   83,   64,   60,   75,  102,  123,   65, 
			  82,   82,   82,   82,   82,   82,   82,   82, 
		},
	},
	{
		{
			 -78,  -32,  -36,  -30,  -29,  -17,  -17,  -44, 
			 -26,  -14,  -10,   -7,   -3,    8,   19,    6, 
			 -22,   -9,    5,    2,   13,   15,   18,   10, 
			 -28,   -3,    5,   16,   18,   25,   16,    7, 
			 -41,  -11,    9,   27,   28,   32,   12,    1, 
			 -34,  -10,   18,   29,   33,   27,    9,   -3, 
			 -36,   -5,   10,   25,   22,   18,    0,  -18, 
			 -32,  -31,  -21,  -10,  -36,  -13,  -30,  -56, 
		},
		{
			 942,  959,  946,  947,  933,  930,  939,  972, 
			 946,  947,  977, 1020, 1004,  976,  975,  849, 
			 924,  944,  962,  950,  992,  943,  913,  913, 
			 932,  958,  956,  976, 1004,  999,  986,  955, 
			 939,  957,  957,  982,  970,  967,  959,  944, 
			 911,  908,  966,  946,  967,  959,  960,  929, 
			 939,  941,  925,  950,  937,  901,  884,  901, 
			 920,  918,  918,  893,  934,  918,  923,  895, 
		},
		{
			 517,  513,  513,  508,  495,  487,  498,  506, 
			 518,  528,  519,  509,  508,  500,  493,  491, 
			 515,  516,  511,  505,  495,  493,  491,  491, 
			 517,  511,  512,  506,  506,  505,  494,  494, 
			 509,  514,  517,  515,  510,  506,  496,  494, 
			 502,  506,  507,  504,  507,  499,  487,  491, 
			 506,  505,  513,  511,  507,  503,  498,  509, 
			 503,  514,  515,  517,  503,  499,  514,  486, 
		},
		{
			 272,  262,  261,  284,  287,  279,  263,  279, 
			 267,  278,  280,  272,  281,  265,  278,  243, 
			 284,  285,  281,  298,  275,  289,  281,  269, 
			 291,  294,  292,  298,  296,  288,  283,  274, 
			 275,  283,  296,  290,  290,  297,  275,  266, 
			 264,  282,  289,  292,  300,  289,  271,  260, 
			 273,  259,  269,  286,  289,  273,  276,  258, 
			 252,  268,  256,  278,  279,  268,  256,  264, 
		},
		{
			 250,  218,  247,  251,  230,  241,  243,  179, 
			 241,  256,  240,  259,  235,  236,  236,  218, 
			 241,  254,  284,  279,  253,  255,  245,  246, 
			 257,  288,  289,  298,  298,  287,  282,  248, 
			 261,  270,  294,  295,  296,  280,  264,  265, 
			 256,  273,  274,  287,  285,  277,  260,  242, 
			 240,  250,  258,  276,  268,  260,  251,  241, 
			 219,  242,  257,  267,  252,  264,  237,  236, 
		},
		{
			  94,   94,   94,   94,   94,   94,   94,   94, 
			 282,  277,  261,  224,  214,  231,  274,  272, 
			 205,  200,  185,  167,  152,  142,  177,  185, 
			 131,  120,  109,   95,   90,   98,  111,  115, 
			 111,  103,   87,   87,   83,   86,   97,   98, 
			 101,  101,   88,   97,   94,   96,   93,   93, 
			 113,  104,  108,  108,  104,   98,   96,   93, 
			  94,   94,   94,   94,   94,   94,   94,   94, 
		},
	},
	{17 47}
}
Iteration: 9
Error: 0.065259
{
	{
		{
			 146,   77,  100,  101,  117,  102,   67,   67, 
			  56,  125,   84,   57,   66,  109,   19,  -15, 
			  51,  148,   43,   60,    7,   73,   91,   -4, 
			  11,   18,   46,    0,  -19,  -14,    5,  -37, 
			  47,   34,    8,  -57,  -46,  -69,  -25,  -72, 
			  14,   23,  -61,  -76,  -80,  -56,  -15,  -38, 
			  43,  -17,  -27,  -78,  -61,  -37,   13,   11, 
			 -49,   23,    3,  -65,    2,  -35,   24,   20, 
		},
		{
			 990, 1006, 1051, 1080, 1093, 1111, 1017, 1009, 
			 998,  997,  993,  971,  985, 1114, 1049, 1161, 
			1002, 1009, 1035, 1051, 1061, 1104, 1131, 1085, 
			 995, 1009, 1016, 1019, 1020, 1028, 1013, 1038, 
			1006, 1014, 1012, 1017, 1028, 1019, 1033, 1013, 
			1007, 1028, 1017, 1024, 1020, 1026, 1030, 1019, 
			1005, 1026, 1030, 1027, 1033, 1046, 1051, 1031, 
			1022, 1009, 1018, 1033, 1012,  998,  975, 1012, 
		},
		{
			 529,  526,  539,  543,  584,  594,  543,  518, 
			 484,  479,  515,  543,  513,  558,  566,  542, 
			 482,  484,  495,  516,  535,  546,  559,  533, 
			 451,  470,  495,  505,  491,  501,  512,  505, 
			 455,  452,  454,  471,  477,  471,  487,  465, 
			 448,  460,  469,  480,  477,  473,  495,  470, 
			 441,  464,  461,  469,  472,  477,  485,  421, 
			 464,  468,  482,  487,  491,  477,  442,  458, 
		},
		{
			 338,  326,  350,  301,  252,  326,  368,  313, 
			 338,  376,  352,  362,  375,  422,  371,  394, 
			 349,  365,  413,  378,  422,  412,  407,  398, 
			 334,  361,  384,  390,  387,  369,  369,  357, 
			 350,  371,  372,  390,  396,  374,  374,  340, 
			 384,  380,  379,  375,  378,  382,  373,  380, 
			 351,  390,  373,  366,  369,  390,  399,  369, 
			 367,  346,  360,  351,  338,  346,  363,  353, 
		},
		{
			 126,  283,  309,  296,  385,  245,  212,  239, 
			 279,  318,  415,  366,  423,  422,  351,  352, 
			 341,  366,  371,  404,  433,  462,  412,  350, 
			 355,  359,  359,  395,  366,  388,  348,  373, 
			 334,  347,  359,  357,  368,  369,  353,  324, 
			 324,  339,  360,  357,  367,  355,  364,  324, 
			 323,  318,  341,  346,  348,  362,  341,  338, 
			 287,  324,  297,  316,  318,  326,  322,  271, 
		},
		{
			  82,   82,   82,   82,   82,   82,   82,   82, 
			 102,  106,   89,  123,  140,  127,   76,   40, 
			  46,   69,   92,   81,  100,  133,   72,   50, 
			  62,   81,   75,   86,   99,   81,   81,   47, 
			  43,   75,   70,   89,   88,   77,   76,   32, 
			  50,   71,   75,   71,   88,   64,  108,   64, 
			  47,   83,   64,   60,   75,  102,  123,   65, 
			  82,   82,   82,   82,   82,   82,   82,   82, 
		},
	},
	{
		{
			 -78,  -32,  -37,  -30,  -29,  -17,  -17,  -44, 
			 -26,  -14,  -10,   -7,   -3,    8,   19,    7, 
			 -22,   -9,    5,    2,   13,   15,   18,   10, 
			 -28,   -3,    5,   16,   18,   25,   16,    7, 
			 -41,  -11,    9,   27,   28,   32,   12,    1, 
			 -34,  -10,   19,   29,   33,   27,    9,   -3, 
			 -36,   -5,   10,   25,   22,   18,    0,  -18, 
			 -32,  -31,  -21,  -10,  -36,  -13,  -30,  -56, 
		},
		{
			 942,  958,  946,  947,  933,  930,  939,  967, 
			 946,  947,  977, 1020, 1004,  971,  976,  849, 
			 924,  944,  962,  950,  992,  943,  913,  913, 
			 933,  958,  956,  976, 1004,  999,  986,  955, 
			 939,  957,  957,  982,  970,  967,  959,  944, 
			 918,  908,  966,  946,  967,  959,  960,  929, 
			 939,  941,  925,  950,  937,  901,  884,  901, 
			 920,  918,  918,  893,  934,  918,  931,  895, 
		},
		{
			 517,  513,  513,  508,  495,  487,  498,  506, 
			 518,  528,  519,  509,  508,  500,  493,  491, 
			 515,  516,  511,  505,  495,  493,  491,  491, 
			 517,  511,  512,  506,  506,  505,  494,  494, 
			 509,  513,  517,  515,  510,  506,  496,  494, 
			 501,  506,  507,  504,  507,  499,  487,  491, 
			 506,  505,  512,  511,  507,  503,  498,  509, 
			 503,  514,  515,  517,  503,  499,  514,  486, 
		},
		{
			 272,  262,  263,  284,  287,  279,  263,  279, 
			 267,  278,  280,  272,  281,  265,  278,  243, 
			 284,  285,  281,  294,  275,  290,  281,  269, 
			 291,  294,  292,  298,  296,  288,  283,  273, 
			 275,  283,  296,  290,  290,  297,  275,  266, 
			 264,  282,  289,  292,  300,  289,  271,  260, 
			 273,  259,  269,  286,  289,  273,  276,  257, 
			 252,  269,  256,  278,  279,  268,  256,  264, 
		},
		{
			 250,  218,  247,  251,  230,  241,  243,  179, 
			 241,  256,  240,  259,  235,  236,  236,  218, 
			 241,  255,  284,  279,  253,  255,  244,  246, 
			 257,  288,  289,  298,  298,  287,  282,  248, 
			 261,  270,  294,  295,  296,  280,  264,  265, 
			 256,  273,  274,  287,  285,  277,  260,  242, 
			 240,  249,  258,  276,  268,  260,  251,  241, 
			 219,  242,  257,  267,  252,  264,  237,  236, 
		},
		{
			  94,   94,   94,   94,   94,   94,   94,   94, 
			 281,  277,  261,  224,  214,  231,  274,  271, 
			 205,  200,  185,  167,  152,  142,  177,  185, 
			 131,  120,  109,   95,   90,   98,  111,  115, 
			 111,  103,   87,   87,   83,   86,   97,   98, 
			 101,  101,   88,   97,   94,   96,   93,   93, 
			 113,  104,  108,  108,  104,   98,   96,   93, 
			  94,   94,   94,   94,   94,   94,   94,   94, 
		},
	},
	{17 47}
}
Iteration: 10
Error: 0.0652587
{
	{
		{
			 146,   77,  101,  101,  117,  102,   68,   67, 
			  56,  132,   84,   56,   66,  109,   23,  -15, 
			  56,  147,   43,   60,    7,   73,   91,   -4, 
			  11,   18,   46,    0,  -19,  -14,    5,  -37, 
			  45,   34,   10,  -57,  -46,  -69,  -25,  -72, 
			  14,   23,  -67,  -76,  -80,  -56,  -15,  -38, 
			  43,  -17,  -27,  -78,  -61,  -37,   13,   11, 
			 -49,   23,    3,  -65,    2,  -35,   24,   20, 
		},
		{
			 990, 1006, 1050, 1080, 1093, 1111, 1017, 1009, 
			 998,  997,  993,  971,  985, 1114, 1049, 1161, 
			1002, 1009, 1035, 1051, 1061, 1104, 1131, 1085, 
			 995, 1009, 1016, 1019, 1020, 1028, 1013, 1038, 
			1006, 1014, 1012, 1017, 1028, 1019, 1033, 1013, 
			1007, 1028, 1017, 1024, 1020, 1026, 1030, 1019, 
			1005, 1026, 1030, 1027, 1033, 1046, 1051, 1032, 
			1022, 1009, 1018, 1033, 1012,  998,  975, 1012, 
		},
		{
			 529,  526,  539,  543,  584,  594,  543,  518, 
			 484,  479,  515,  543,  513,  558,  566,  542, 
			 482,  484,  495,  516,  535,  546,  559,  533, 
			 451,  471,  495,  505,  491,  501,  512,  505, 
			 455,  452,  454,  471,  477,  471,  487,  465, 
			 448,  460,  469,  480,  477,  473,  495,  470, 
			 441,  464,  461,  469,  472,  477,  485,  421, 
			 464,  468,  482,  487,  491,  477,  442,  458, 
		},
		{
			 338,  326,  350,  301,  252,  326,  368,  313, 
			 338,  376,  352,  362,  375,  422,  371,  394, 
			 349,  365,  413,  381,  422,  413,  407,  398, 
			 334,  361,  384,  390,  387,  369,  369,  358, 
			 351,  371,  372,  390,  396,  374,  374,  340, 
			 384,  380,  379,  375,  378,  382,  373,  380, 
			 351,  390,  373,  366,  369,  390,  399,  369, 
			 367,  346,  360,  351,  338,  346,  363,  353, 
		},
		{
			 126,  283,  309,  296,  385,  245,  212,  239, 
			 279,  318,  415,  366,  423,  422,  351,  352, 
			 341,  366,  371,  404,  433,  462,  412,  350, 
			 355,  359,  359,  395,  366,  388,  348,  373, 
			 334,  347,  359,  357,  368,  369,  353,  324, 
			 324,  339,  360,  357,  367,  355,  364,  324, 
			 323,  319,  342,  346,  348,  362,  341,  338, 
			 287,  324,  297,  316,  318,  326,  322,  271, 
		},
		{
			  82,   82,   82,   82,   82,   82,   82,   82, 
			 102,  106,   89,  123,  140,  127,   76,   37, 
			  46,   69,   92,   81,  100,  133,   72,   50, 
			  62,   81,   75,   86,   99,   81,   81,   47, 
			  43,   75,   70,   89,   88,   77,   76,   32, 
			  50,   71,   75,   71,   88,   64,  108,   64, 
			  47,   83,   64,   60,   75,  102,  123,   65, 
			  82,   82,   82,   82,   82,   82,   82,   82, 
		},
	},
	{
		{
			 -77,  -32,  -36,  -30,  -29,  -17,  -16,  -44, 
			 -26,  -13,  -10,   -7,   -4,    8,   19,    7, 
			 -22,   -9,    5,    2,   13,   15,   18,   10, 
			 -28,   -3,    5,   16,   18,   25,   16,    7, 
			 -41,  -11,    9,   27,   28,   32,   12,    1, 
			 -34,  -10,   19,   29,   33,   27,    9,   -3, 
			 -36,   -5,   10,   25,   22,   18,    0,  -18, 
			 -33,  -31,  -21,  -10,  -36,  -13,  -30,  -56, 
		},
		{
			 945,  958,  946,  947,  933,  929,  939,  967, 
			 946,  947,  977, 1020, 1004,  971,  976,  849, 
			 924,  944,  962,  950,  992,  943,  913,  913, 
			 933,  958,  956,  976, 1004,  999,  986,  955, 
			 939,  957,  957,  982,  970,  967,  959,  944, 
			 918,  908,  966,  946,  967,  959,  960,  929, 
			 939,  941,  925,  950,  937,  901,  884,  901, 
			 920,  918,  918,  893,  934,  918,  930,  895, 
		},
		{
			 517,  513,  511,  508,  495,  487,  498,  506, 
			 518,  528,  519,  509,  508,  500,  493,  491, 
			 515,  516,  511,  505,  495,  493,  491,  491, 
			 517,  511,  512,  506,  506,  505,  494,  494, 
			 509,  513,  517,  515,  510,  506,  496,  494, 
			 502,  506,  507,  504,  507,  499,  487,  491, 
			 506,  505,  512,  511,  507,  503,  498,  509, 
			 503,  514,  515,  517,  503,  499,  514,  486, 
		},
		{
			 272,  262,  263,  284,  287,  279,  263,  279, 
			 267,  278,  280,  272,  281,  265,  278,  243, 
			 284,  285,  281,  294,  275,  290,  281,  269, 
			 291,  294,  292,  298,  296,  288,  283,  273, 
			 275,  283,  296,  290,  290,  297,  275,  266, 
			 264,  282,  289,  292,  300,  289,  271,  260, 
			 273,  259,  269,  286,  289,  273,  276,  257, 
			 252,  269,  256,  278,  279,  268,  256,  264, 
		},
		{
			 250,  218,  247,  251,  230,  241,  243,  179, 
			 241,  256,  240,  259,  235,  236,  236,  218, 
			 241,  254,  284,  279,  253,  255,  244,  246, 
			 257,  288,  289,  298,  298,  287,  282,  248, 
			 261,  270,  294,  295,  296,  280,  264,  265, 
			 256,  273,  274,  287,  285,  277,  260,  242, 
			 240,  248,  258,  276,  268,  260,  251,  241, 
			 219,  242,  257,  267,  252,  264,  237,  236, 
		},
		{
			  94,   94,   94,   94,   94,   94,   94,   94, 
			 281,  277,  261,  224,  214,  231,  274,  271, 
			 205,  200,  185,  167,  152,  142,  177,  185, 
			 131,  120,  109,   95,   90,   98,  111,  115, 
			 111,  103,   87,   87,   83,   86,   97,   98, 
			 101,  101,   88,   97,   94,   96,   93,   93, 
			 113,  104,  108,  108,  104,   98,   96,   93, 
			  94,   94,   94,   94,   94,   94,   94,   94, 
		},
	},
	{17 47}
}
Iteration: 11
Error: 0.0652586
{
	{
		{
			 145,   77,  101,  101,  118,  102,   68,   61, 
			  56,  132,   84,   56,   65,  109,   23,  -15, 
			  56,  147,   43,   60,    7,   73,   91,   -4, 
			  16,   18,   46,    0,  -19,  -14,    5,  -37, 
			  45,   34,   10,  -57,  -46,  -69,  -25,  -72, 
			  14,   23,  -67,  -76,  -80,  -56,  -15,  -38, 
			  43,  -17,  -27,  -78,  -61,  -37,   13,   11, 
			 -49,   23,    3,  -65,    2,  -35,   24,   20, 
		},
		{
			 990, 1006, 1050, 1080, 1093, 1110, 1017, 1009, 
			 998,  997,  993,  971,  985, 1114, 1049, 1161, 
			1002, 1009, 1035, 1051, 1061, 1104, 1131, 1085, 
			 995, 1009, 1016, 1019, 1020, 1028, 1013, 1038, 
			1006, 1014, 1012, 1017, 1028, 1019, 1033, 1013, 
			1007, 1028, 1017, 1024, 1020, 1026, 1030, 1019, 
			1005, 1026, 1030, 1027, 1033, 1046, 1052, 1032, 
			1022, 1009, 1018, 1033, 1012,  998,  974, 1012, 
		},
		{
			 529,  526,  539,  543,  584,  594,  543,  518, 
			 484,  479,  515,  543,  513,  558,  566,  542, 
			 482,  484,  495,  516,  535,  546,  559,  533, 
			 451,  471,  495,  505,  491,  501,  512,  505, 
			 455,  452,  454,  471,  477,  471,  487,  465, 
			 448,  460,  469,  480,  477,  473,  495,  470, 
			 441,  464,  461,  469,  472,  477,  485,  421, 
			 464,  468,  482,  487,  491,  477,  442,  458, 
		},
		{
			 338,  326,  350,  301,  252,  326,  368,  313, 
			 338,  376,  352,  362,  375,  422,  371,  394, 
			 349,  365,  413,  381,  422,  413,  407,  398, 
			 334,  361,  384,  390,  387,  369,  369,  358, 
			 351,  371,  372,  390,  396,  374,  374,  340, 
			 384,  380,  379,  375,  378,  382,  373,  380, 
			 351,  390,  373,  366,  369,  390,  399,  369, 
			 367,  346,  360,  351,  338,  346,  363,  353, 
		},
		{
			 130,  283,  309,  296,  385,  245,  212,  239, 
			 279,  318,  415,  366,  423,  422,  351,  352, 
			 341,  366,  371,  404,  433,  462,  412,  350, 
			 355,  359,  359,  395,  366,  388,  348,  373, 
			 334,  347,  359,  357,  368,  369,  353,  324, 
			 324,  339,  360,  357,  367,  355,  364,  324, 
			 323,  319,  342,  346,  348,  362,  341,  338, 
			 287,  324,  297,  316,  318,  326,  322,  271, 
		},
		{
			  82,   82,   82,   82,   82,   82,   82,   82, 
			 102,  106,   89,  123,  140,  127,   75,   37, 
			  46,   69,   92,   81,  100,  133,   72,   50, 
			  62,   81,   75,   86,   99,   81,   81,   47, 
			  43,   75,   70,   89,   88,   77,   76,   32, 
			  50,   71,   75,   71,   88,   64,  108,   64, 
			  47,   83,   64,   60,   75,  102,  123,   65, 
			  82,   82,   82,   82,   82,   82,   82,   82, 
		},
	},
	{
		{
			 -78,  -32,  -36,  -30,  -28,  -17,  -16,  -44, 
			 -26,  -13,  -10,   -7,   -4,    8,   19,    7, 
			 -22,   -9,    5,    2,   13,   15,   18,   10, 
			 -28,   -3,    5,   16,   18,   25,   16,    7, 
			 -41,  -11,    9,   27,   28,   32,   12,    1, 
			 -34,  -10,   19,   29,   33,   27,    9,   -3, 
			 -36,   -5,   10,   25,   22,   18,    0,  -18, 
			 -33,  -31,  -21,  -10,  -36,  -13,  -30,  -56, 
		},
		{
			 945,  958,  946,  947,  933,  929,  939,  967, 
			 946,  947,  977, 1020, 1004,  971,  976,  849, 
			 924,  944,  962,  950,  992,  943,  913,  913, 
			 933,  957,  956,  976, 1004,  999,  986,  955, 
			 939,  957,  957,  982,  970,  967,  959,  944, 
			 918,  908,  966,  946,  967,  959,  960,  929, 
			 939,  941,  925,  950,  937,  901,  884,  901, 
			 920,  918,  918,  893,  934,  918,  930,  895, 
		},
		{
			 517,  513,  511,  508,  495,  487,  498,  506, 
			 518,  528,  519,  509,  508,  500,  493,  491, 
			 515,  516,  511,  505,  495,  493,  491,  491, 
			 517,  511,  512,  506,  506,  505,  494,  494, 
			 509,  513,  517,  515,  510,  506,  496,  494, 
			 502,  506,  507,  504,  507,  499,  487,  491, 
			 506,  505,  512,  511,  507,  503,  498,  509, 
			 503,  514,  515,  517,  503,  499,  514,  486, 
		},
		{
			 272,  262,  263,  284,  287,  279,  263,  279, 
			 267,  278,  280,  272,  281,  265,  278,  243, 
			 284,  285,  281,  294,  275,  290,  281,  269, 
			 291,  294,  292,  298,  296,  288,  283,  273, 
			 275,  283,  296,  290,  290,  297,  275,  266, 
			 264,  282,  289,  292,  300,  289,  271,  260, 
			 273,  259,  269,  286,  289,  273,  276,  257, 
			 252,  269,  256,  278,  279,  268,  256,  264, 
		},
		{
			 249,  218,  247,  251,  230,  241,  243,  179, 
			 241,  256,  240,  259,  235,  236,  236,  218, 
			 241,  254,  284,  279,  253,  255,  244,  243, 
			 257,  288,  289,  298,  298,  287,  282,  248, 
			 261,  270,  294,  295,  296,  280,  264,  265, 
			 256,  273,  274,  287,  285,  277,  260,  242, 
			 240,  248,  258,  276,  268,  260,  251,  241, 
			 219,  242,  257,  267,  252,  264,  237,  236, 
		},
		{
			  94,   94,   94,   94,   94,   94,   94,   94, 
			 281,  277,  261,  224,  214,  231,  274,  271, 
			 205,  200,  185,  167,  152,  142,  177,  185, 
			 131,  120,  109,   95,   90,   98,  111,  115, 
			 111,  103,   87,   87,   83,   86,   97,   98, 
			 101,  101,   88,   97,   94,   96,   93,   93, 
			 113,  104,  108,  108,  104,   98,   96,   93, 
			  94,   94,   94,   94,   94,   94,   94,   94, 
		},
	},
	{17 47}
}
Iteration: 12
Error: 0.0652586
{
	{
		{
			 147,   77,  101,  101,  118,  102,   68,   61, 
			  56,  132,   84,   56,   65,  109,   23,  -15, 
			  50,  147,   43,   60,    7,   73,   91,   -4, 
			  16,   18,   46,    0,  -19,  -14,    5,  -37, 
			  45,   34,   10,  -57,  -46,  -69,  -25,  -72, 
			  14,   23,  -67,  -76,  -80,  -56,  -15,  -38, 
			  43,  -17,  -27,  -78,  -61,  -37,   13,   11, 
			 -49,   23,    3,  -65,    2,  -35,   24,   20, 
		},
		{
			 990, 1006, 1050, 1080, 1093, 1110, 1017, 1009, 
			 998,  997,  993,  971,  985, 1114, 1049, 1161, 
			1002, 1009, 1035, 1051, 1061, 1104, 1131, 1085, 
			 995, 1009, 1016, 1019, 1020, 1028, 1013, 1038, 
			1006, 1014, 1012, 1017, 1028, 1019, 1033, 1013, 
			1007, 1028, 1017, 1024, 1020, 1026, 1030, 1019, 
			1005, 1026, 1030, 1027, 1033, 1046, 1052, 1032, 
			1022, 1009, 1018, 1033, 1012,  998,  974, 1012, 
		},
		{
			 529,  526,  539,  543,  584,  594,  543,  518, 
			 484,  479,  515,  543,  513,  558,  566,  542, 
			 482,  484,  495,  516,  535,  546,  559,  533, 
			 451,  471,  495,  505,  491,  501,  512,  505, 
			 455,  452,  454,  471,  477,  471,  487,  465, 
			 448,  460,  469,  480,  477,  473,  495,  470, 
			 441,  464,  461,  469,  472,  477,  486,  421, 
			 464,  468,  482,  487,  491,  477,  442,  458, 
		},
		{
			 338,  326,  350,  301,  252,  326,  368,  313, 
			 338,  376,  352,  362,  375,  422,  371,  394, 
			 349,  365,  413,  381,  422,  413,  407,  398, 
			 334,  361,  384,  390,  387,  369,  369,  358, 
			 351,  371,  372,  390,  396,  374,  374,  340, 
			 384,  380,  379,  375,  378,  382,  373,  380, 
			 351,  390,  373,  366,  369,  390,  399,  369, 
			 367,  346,  360,  351,  338,  346,  363,  353, 
		},
		{
			 130,  283,  309,  296,  385,  245,  212,  239, 
			 279,  318,  415,  366,  423,  422,  351,  352, 
			 341,  366,  371,  404,  433,  462,  412,  350, 
			 355,  359,  359,  395,  366,  388,  348,  373, 
			 334,  347,  359,  357,  368,  369,  353,  324, 
			 324,  339,  360,  357,  367,  355,  364,  324, 
			 323,  319,  342,  346,  348,  362,  341,  338, 
			 287,  324,  297,  316,  318,  326,  322,  271, 
		},
		{
			  82,   82,   82,   82,   82,   82,   82,   82, 
			 102,  106,   89,  123,  140,  127,   75,   39, 
			  46,   69,   92,   81,  100,  133,   72,   50, 
			  62,   81,   75,   86,   99,   81,   81,   47, 
			  43,   75,   70,   89,   88,   77,   76,   32, 
			  50,   71,   75,   71,   88,   64,  108,   64, 
			  47,   83,   64,   60,   75,  102,  123,   65, 
			  82,   82,   82,   82,   82,   82,   82,   82, 
		},
	},
	{
		{
			 -78,  -32,  -36,  -30,  -29,  -17,  -16,  -44, 
			 -26,  -13,  -10,   -7,   -4,    8,   19,    7, 
			 -22,   -9,    5,    2,   13,   15,   18,   10, 
			 -28,   -3,    5,   16,   18,   25,   16,    7, 
			 -41,  -11,    9,   27,   28,   32,   12,    1, 
			 -34,  -10,   19,   29,   33,   27,    9,   -3, 
			 -36,   -5,   10,   25,   22,   18,    0,  -18, 
			 -33,  -31,  -21,  -10,  -36,  -13,  -30,  -56, 
		},
		{
			 945,  958,  946,  947,  933,  929,  939,  967, 
			 946,  947,  977, 1020, 1004,  971,  976,  849, 
			 924,  944,  962,  950,  992,  943,  913,  913, 
			 933,  957,  956,  976, 1004,  999,  986,  955, 
			 939,  957,  957,  982,  970,  967,  959,  944, 
			 918,  908,  966,  946,  967,  959,  960,  929, 
			 939,  941,  925,  950,  937,  901,  884,  901, 
			 920,  918,  918,  893,  934,  918,  929,  895, 
		},
		{
			 517,  513,  511,  508,  495,  487,  498,  506, 
			 518,  528,  519,  509,  508,  500,  493,  491, 
			 515,  516,  511,  505,  495,  493,  491,  491, 
			 517,  511,  512,  506,  506,  505,  494,  494, 
			 509,  513,  517,  515,  510,  506,  496,  494, 
			 502,  506,  507,  504,  507,  499,  487,  491, 
			 506,  505,  512,  511,  507,  503,  498,  509, 
			 503,  514,  515,  517,  503,  499,  514,  486, 
		},
		{
			 272,  261,  263,  284,  287,  278,  263,  279, 
			 267,  278,  280,  272,  281,  265,  278,  243, 
			 284,  285,  281,  294,  275,  290,  281,  269, 
			 291,  294,  292,  298,  296,  288,  283,  273, 
			 275,  283,  296,  290,  290,  297,  275,  266, 
			 264,  282,  289,  292,  300,  289,  271,  260, 
			 273,  259,  269,  286,  289,  273,  276,  257, 
			 252,  269,  256,  278,  279,  268,  256,  264, 
		},
		{
			 249,  218,  247,  251,  230,  241,  243,  179, 
			 241,  256,  240,  259,  235,  236,  236,  218, 
			 241,  254,  284,  279,  253,  255,  244,  243, 
			 257,  288,  289,  298,  298,  287,  282,  248, 
			 261,  270,  294,  295,  296,  280,  264,  265, 
			 256,  273,  274,  287,  285,  277,  260,  242, 
			 240,  248,  258,  276,  268,  260,  251,  241, 
			 219,  242,  257,  267,  252,  264,  237,  236, 
		},
		{
			  94,   94,   94,   94,   94,   94,   94,   94, 
			 281,  277,  261,  224,  214,  231,  274,  271, 
			 205,  200,  185,  167,  152,  142,  177,  185, 
			 131,  120,  109,   95,   90,   98,  111,  115, 
			 111,  103,   87,   87,   83,   86,   97,   98, 
			 101,  101,   88,   97,   94,   96,   93,   93, 
			 113,  104,  108,  108,  104,   98,   96,   93, 
			  94,   94,   94,   94,   94,   94,   94,   94, 
		},
	},
	{17 47}
}
Iteration: 13
Error: 0.0652586
{
	{
		{
			 147,   78,  101,  101,  118,  102,   68,   61, 
			  56,  132,   84,   56,   65,  109,   23,  -15, 
			  50,  147,   43,   60,    7,   73,   91,   -4, 
			  16,   18,   46,    0,  -19,  -14,    5,  -37, 
			  45,   34,   10,  -57,  -46,  -69,  -25,  -72, 
			  14,   23,  -66,  -76,  -80,  -56,  -15,  -38, 
			  43,  -17,  -27,  -78,  -61,  -37,   13,   11, 
			 -49,   23,    3,  -65,    2,  -35,   24,   20, 
		},
		{
			 990, 1006, 1050, 1080, 1093, 1110, 1017, 1009, 
			 998,  997,  993,  971,  985, 1114, 1049, 1161, 
			1002, 1009, 1035, 1051, 1061, 1104, 1131, 1085, 
			 995, 1009, 1016, 1019, 1020, 1028, 1013, 1038, 
			1006, 1014, 1012, 1017, 1028, 1019, 1033, 1013, 
			1007, 1028, 1017, 1024, 1020, 1026, 1030, 1019, 
			1005, 1026, 1030, 1027, 1033, 1046, 1052, 1032, 
			1022, 1009, 1018, 1033, 1012,  998,  974, 1012, 
		},
		{
			 529,  526,  539,  543,  584,  594,  543,  518, 
			 484,  479,  515,  543,  513,  558,  566,  542, 
			 482,  484,  495,  516,  535,  546,  559,  533, 
			 451,  471,  495,  505,  491,  501,  512,  505, 
			 455,  452,  454,  471,  477,  471,  487,  465, 
			 448,  460,  469,  480,  477,  473,  495,  470, 
			 441,  464,  461,  469,  472,  477,  486,  421, 
			 464,  468,  482,  487,  491,  477,  442,  458, 
		},
		{
			 338,  326,  350,  301,  252,  326,  368,  313, 
			 338,  376,  352,  362,  375,  422,  371,  394, 
			 349,  365,  413,  381,  422,  413,  407,  398, 
			 334,  361,  384,  390,  387,  369,  369,  358, 
			 351,  371,  372,  390,  396,  374,  374,  340, 
			 384,  380,  379,  375,  378,  382,  373,  380, 
			 351,  390,  373,  366,  369,  390,  399,  369, 
			 367,  346,  360,  351,  338,  346,  363,  353, 
		},
		{
			 130,  283,  309,  296,  385,  245,  212,  239, 
			 279,  318,  415,  366,  423,  422,  351,  352, 
			 341,  366,  371,  404,  433,  462,  412,  350, 
			 355,  359,  359,  395,  366,  388,  348,  373, 
			 334,  347,  359,  357,  368,  369,  353,  324, 
			 324,  339,  360,  357,  367,  355,  364,  324, 
			 323,  319,  342,  346,  348,  362,  341,  338, 
			 287,  324,  297,  316,  318,  326,  322,  271, 
		},
		{
			  82,   82,   82,   82,   82,   82,   82,   82, 
			 102,  106,   89,  123,  140,  127,   75,   38, 
			  46,   69,   92,   81,  100,  133,   72,   50, 
			  62,   81,   75,   86,   99,   81,   81,   47, 
			  43,   75,   70,   89,   88,   77,   76,   32, 
			  50,   71,   75,   71,   88,   64,  108,   64, 
			  47,   83,   64,   60,   75,  102,  123,   65, 
			  82,   82,   82,   82,   82,   82,   82,   82, 
		},
	},
	{
		{
			 -78,  -32,  -36,  -30,  -29,  -17,  -16,  -44, 
			 -28,  -13,  -10,   -7,   -4,    8,   19,    7, 
			 -22,   -9,    5,    2,   13,   15,   18,   10, 
			 -28,   -3,    5,   16,   18,   25,   16,    7, 
			 -41,  -11,    9,   27,   28,   32,   12,    1, 
			 -34,  -10,   19,   29,   33,   27,    9,   -3, 
			 -36,   -5,   10,   25,   22,   18,    0,  -18, 
			 -33,  -31,  -21,  -10,  -36,  -13,  -30,  -56, 
		},
		{
			 945,  958,  946,  947,  933,  929,  939,  967, 
			 946,  947,  977, 1020, 1004,  971,  976,  849, 
			 924,  944,  962,  950,  992,  943,  913,  913, 
			 933,  957,  956,  976, 1004,  999,  986,  955, 
			 939,  957,  957,  982,  970,  967,  959,  944, 
			 918,  908,  966,  946,  967,  959,  960,  929, 
			 939,  941,  925,  950,  937,  901,  884,  901, 
			 920,  918,  918,  893,  934,  918,  929,  895, 
		},
		{
			 517,  513,  511,  508,  495,  487,  498,  506, 
			 518,  528,  519,  509,  508,  500,  493,  491, 
			 515,  516,  511,  505,  495,  493,  491,  491, 
			 517,  511,  512,  506,  506,  505,  494,  494, 
			 509,  513,  517,  515,  510,  506,  496,  494, 
			 502,  506,  507,  504,  507,  499,  487,  491, 
			 506,  505,  512,  511,  507,  503,  498,  509, 
			 503,  514,  515,  517,  503,  499,  514,  486, 
		},
		{
			 272,  261,  263,  284,  287,  278,  263,  279, 
			 267,  278,  280,  272,  281,  265,  278,  243, 
			 284,  285,  281,  294,  275,  290,  281,  269, 
			 291,  294,  292,  298,  296,  288,  283,  273, 
			 275,  283,  296,  290,  290,  297,  275,  266, 
			 264,  282,  289,  292,  300,  289,  271,  260, 
			 273,  259,  269,  286,  289,  273,  276,  257, 
			 252,  269,  256,  278,  279,  268,  256,  264, 
		},
		{
			 249,  218,  247,  251,  230,  241,  243,  179, 
			 241,  256,  240,  259,  236,  236,  236,  218, 
			 241,  254,  284,  279,  253,  255,  244,  243, 
			 257,  288,  289,  298,  298,  287,  282,  248, 
			 261,  270,  294,  295,  296,  280,  264,  265, 
			 256,  273,  274,  287,  285,  277,  260,  242, 
			 240,  248,  258,  276,  268,  260,  251,  241, 
			 219,  242,  257,  267,  252,  264,  237,  236, 
		},
		{
			  94,   94,   94,   94,   94,   94,   94,   94, 
			 281,  277,  261,  224,  214,  231,  274,  271, 
			 205,  200,  185,  167,  152,  142,  177,  185, 
			 131,  120,  109,   95,   90,   98,  111,  115, 
			 111,  103,   87,   87,   83,   86,   97,   98, 
			 101,  101,   88,   97,   94,   96,   93,   93, 
			 113,  104,  108,  108,  104,   98,   96,   93, 
			  94,   94,   94,   94,   94,   94,   94,   94, 
		},
	},
	{17 47}
}
Iteration: 14
Error: 0.0652586
{
	{
		{
			 147,   77,  101,  101,  118,  102,   68,   61, 
			  56,  132,   84,   56,   65,  109,   23,  -15, 
			  50,  147,   43,   60,    7,   73,   91,   -4, 
			  16,   18,   46,    0,  -19,  -14,    5,  -37, 
			  45,   34,   10,  -57,  -46,  -69,  -25,  -72, 
			  14,   23,  -67,  -76,  -80,  -56,  -15,  -38, 
			  43,  -17,  -27,  -78,  -61,  -37,   13,   11, 
			 -49,   23,    3,  -65,    2,  -35,   24,   20, 
		},
		{
			 989, 1006, 1050, 1080, 1093, 1110, 1017, 1009, 
			 998,  997,  993,  971,  985, 1114, 1049, 1161, 
			1002, 1009, 1035, 1051, 1061, 1104, 1131, 1085, 
			 995, 1009, 1016, 1019, 1020, 1028, 1013, 1038, 
			1006, 1014, 1012, 1017, 1028, 1019, 1033, 1013, 
			1007, 1028, 1017, 1024, 1020, 1026, 1030, 1019, 
			1005, 1026, 1030, 1027, 1033, 1046, 1052, 1032, 
			1022, 1009, 1018, 1033, 1012,  998,  974, 1012, 
		},
		{
			 529,  526,  543,  543,  584,  594,  543,  518, 
			 484,  479,  515,  543,  513,  558,  566,  542, 
			 482,  484,  495,  516,  535,  546,  559,  533, 
			 451,  471,  495,  505,  491,  501,  512,  505, 
			 455,  452,  454,  471,  477,  471,  487,  465, 
			 448,  460,  469,  480,  477,  473,  495,  470, 
			 441,  464,  461,  469,  472,  477,  486,  421, 
			 464,  468,  482,  487,  491,  477,  442,  458, 
		},
		{
			 338,  326,  350,  301,  252,  326,  368,  313, 
			 338,  376,  352,  362,  376,  422,  371,  394, 
			 349,  365,  413,  381,  421,  413,  407,  398, 
			 334,  361,  384,  390,  387,  369,  369,  358, 
			 351,  371,  372,  390,  396,  374,  374,  340, 
			 384,  380,  379,  375,  378,  382,  373,  380, 
			 351,  390,  373,  366,  369,  390,  399,  369, 
			 367,  346,  360,  351,  338,  346,  362,  353, 
		},
		{
			 130,  283,  309,  296,  385,  245,  212,  239, 
			 279,  318,  415,  366,  423,  422,  351,  352, 
			 341,  366,  371,  404,  433,  462,  412,  350, 
			 355,  359,  359,  395,  366,  388,  348,  373, 
			 334,  347,  359,  357,  368,  369,  353,  324, 
			 324,  339,  360,  357,  367,  355,  364,  324, 
			 323,  319,  342,  346,  348,  362,  341,  338, 
			 287,  324,  297,  316,  318,  326,  322,  271, 
		},
		{
			  82,   82,   82,   82,   82,   82,   82,   82, 
			 102,  106,   88,  123,  140,  127,   75,   38, 
			  46,   69,   92,   81,  100,  133,   77,   50, 
			  62,   81,   75,   86,   99,   81,   81,   47, 
			  43,   75,   70,   89,   88,   77,   76,   32, 
			  50,   71,   75,   71,   88,   64,  108,   64, 
			  47,   83,   64,   60,   75,  102,  123,   65, 
			  82,   82,   82,   82,   82,   82,   82,   82, 
		},
	},
	{
		{
			 -77,  -33,  -36,  -30,  -29,  -17,  -16,  -45, 
			 -28,  -13,  -10,   -7,   -4,    8,   19,    7, 
			 -22,   -9,    5,    2,   13,   15,   18,   10, 
			 -28,   -3,    5,   16,   18,   25,   16,    7, 
			 -41,  -11,    9,   27,   28,   32,   12,    1, 
			 -34,  -10,   19,   29,   33,   27,    9,   -3, 
			 -36,   -5,   10,   25,   22,   18,    0,  -18, 
			 -33,  -31,  -21,  -10,  -36,  -13,  -30,  -56, 
		},
		{
			 945,  958,  946,  947,  933,  929,  939,  967, 
			 946,  947,  977, 1020, 1004,  971,  976,  849, 
			 924,  944,  962,  950,  992,  943,  913,  913, 
			 933,  957,  956,  976, 1004,  999,  986,  955, 
			 939,  957,  957,  982,  970,  967,  959,  944, 
			 918,  908,  966,  946,  967,  959,  960,  929, 
			 939,  941,  925,  950,  937,  901,  884,  901, 
			 920,  918,  918,  893,  934,  918,  929,  895, 
		},
		{
			 517,  513,  510,  508,  495,  487,  498,  506, 
			 518,  528,  519,  509,  508,  500,  493,  491, 
			 515,  516,  511,  505,  495,  493,  491,  491, 
			 517,  511,  512,  506,  506,  505,  494,  494, 
			 509,  513,  517,  515,  510,  506,  496,  494, 
			 502,  506,  507,  504,  507,  499,  487,  491, 
			 506,  505,  512,  511,  507,  503,  498,  509, 
			 503,  514,  515,  517,  503,  499,  514,  486, 
		},
		{
			 272,  261,  263,  284,  287,  278,  263,  279, 
			 267,  278,  280,  272,  281,  265,  278,  243, 
			 284,  285,  281,  294,  275,  290,  281,  269, 
			 291,  294,  292,  298,  296,  288,  283,  273, 
			 275,  283,  296,  290,  290,  297,  275,  266, 
			 264,  282,  289,  292,  300,  289,  271,  260, 
			 273,  259,  269,  286,  289,  273,  276,  257, 
			 252,  269,  256,  278,  279,  268,  256,  264, 
		},
		{
			 249,  218,  247,  251,  230,  241,  243,  179, 
			 241,  256,  240,  259,  236,  236,  236,  218, 
			 241,  254,  284,  279,  253,  255,  244,  243, 
			 257,  288,  289,  298,  298,  287,  282,  248, 
			 261,  270,  294,  295,  296,  280,  264,  265, 
			 256,  273,  274,  287,  285,  277,  260,  242, 
			 240,  248,  258,  276,  268,  260,  251,  241, 
			 219,  242,  257,  267,  252,  264,  237,  236, 
		},
		{
			  94,   94,   94,   94,   94,   94,   94,   94, 
			 281,  277,  261,  224,  214,  231,  274,  271, 
			 205,  200,  185,  167,  152,  142,  177,  185, 
			 131,  120,  109,   95,   90,   98,  111,  115, 
			 111,  103,   87,   87,   83,   86,   97,   98, 
			 101,  101,   88,   97,   94,   96,   93,   93, 
			 113,  104,  108,  108,  104,   98,   96,   93, 
			  94,   94,   94,   94,   94,   94,   94,   94, 
		},
	},
	{17 47}
}
Iteration: 15
Error: 0.0652584
{
	{
		{
			 148,   77,  101,  101,  118,   96,   63,   61, 
			  56,  131,   84,   57,   66,  109,   23,  -15, 
			  50,  147,   43,   60,    7,   73,   91,   -4, 
			  11,   18,   46,    0,  -19,  -14,    5,  -37, 
			  45,   34,   10,  -57,  -46,  -69,  -25,  -72, 
			  14,   23,  -67,  -76,  -80,  -56,  -15,  -38, 
			  43,  -17,  -27,  -78,  -61,  -37,   13,   11, 
			 -49,   23,    3,  -65,    2,  -35,   24,   20, 
		},
		{
			 989, 1006, 1050, 1080, 1093, 1110, 1017, 1009, 
			 998,  997,  993,  971,  985, 1114, 1049, 1161, 
			1002, 1009, 1035, 1051, 1061, 1104, 1131, 1085, 
			 995, 1009, 1016, 1019, 1020, 1028, 1013, 1038, 
			1006, 1014, 1012, 1017, 1028, 1019, 1033, 1013, 
			1007, 1028, 1017, 1024, 1020, 1026, 1030, 1019, 
			1005, 1026, 1030, 1027, 1033, 1046, 1052, 1032, 
			1022, 1008, 1018, 1033, 1012,  998,  974, 1012, 
		},
		{
			 524,  526,  543,  543,  584,  594,  543,  518, 
			 484,  479,  515,  543,  513,  558,  566,  542, 
			 482,  484,  495,  516,  535,  546,  559,  533, 
			 451,  471,  495,  510,  491,  501,  512,  505, 
			 455,  452,  454,  471,  477,  471,  487,  465, 
			 448,  460,  469,  480,  477,  473,  496,  470, 
			 441,  464,  461,  469,  472,  477,  486,  421, 
			 464,  468,  482,  487,  491,  477,  442,  458, 
		},
		{
			 338,  326,  350,  301,  252,  326,  368,  313, 
			 338,  376,  352,  362,  376,  422,  371,  394, 
			 349,  365,  413,  381,  421,  413,  407,  398, 
			 334,  361,  384,  390,  387,  368,  369,  358, 
			 351,  371,  372,  390,  396,  374,  374,  340, 
			 384,  380,  379,  375,  378,  382,  373,  380, 
			 349,  390,  373,  366,  369,  390,  399,  369, 
			 367,  346,  360,  351,  338,  346,  362,  353, 
		},
		{
			 130,  283,  309,  296,  385,  245,  212,  239, 
			 279,  318,  415,  366,  423,  422,  351,  352, 
			 341,  366,  371,  404,  433,  462,  412,  350, 
			 355,  359,  359,  395,  366,  388,  348,  373, 
			 334,  347,  359,  357,  368,  369,  353,  324, 
			 324,  339,  360,  357,  367,  355,  365,  324, 
			 323,  319,  342,  346,  348,  362,  341,  338, 
			 287,  324,  297,  316,  318,  326,  322,  271, 
		},
		{
			  82,   82,   82,   82,   82,   82,   82,   82, 
			 102,  105,   88,  123,  140,  127,   75,   38, 
			  46,   69,   92,   81,  100,  133,   77,   50, 
			  62,   81,   75,   86,   99,   81,   81,   47, 
			  43,   75,   70,   89,   88,   77,   76,   32, 
			  50,   71,   75,   71,   88,   64,  108,   64, 
			  47,   83,   64,   60,   75,  102,  123,   65, 
			  82,   82,   82,   82,   82,   82,   82,   82, 
		},
	},
	{
		{
			 -77,  -32,  -36,  -30,  -29,  -17,  -16,  -45, 
			 -28,  -13,  -10,   -7,   -4,    8,   19,    7, 
			 -22,   -9,    5,    2,   13,   15,   18,   10, 
			 -28,   -3,    5,   16,   18,   25,   16,    7, 
			 -41,  -11,    9,   27,   28,   32,   12,    1, 
			 -34,  -10,   19,   29,   33,   27,    9,   -3, 
			 -36,   -5,   10,   25,   22,   18,    0,  -18, 
			 -33,  -31,  -21,  -10,  -36,  -13,  -30,  -56, 
		},
		{
			 945,  958,  946,  947,  933,  929,  939,  967, 
			 946,  947,  977, 1020, 1004,  971,  976,  849, 
			 924,  944,  962,  950,  992,  943,  913,  913, 
			 933,  957,  956,  976, 1004,  999,  986,  955, 
			 939,  957,  957,  982,  970,  967,  959,  944, 
			 918,  908,  966,  946,  967,  959,  960,  929, 
			 939,  941,  925,  950,  937,  901,  884,  901, 
			 920,  918,  918,  893,  934,  918,  929,  895, 
		},
		{
			 517,  513,  510,  508,  495,  487,  498,  504, 
			 518,  528,  519,  509,  508,  500,  493,  491, 
			 515,  516,  511,  505,  495,  493,  491,  491, 
			 517,  511,  512,  504,  506,  505,  494,  494, 
			 509,  513,  517,  515,  510,  506,  496,  494, 
			 502,  506,  507,  504,  507,  499,  487,  491, 
			 506,  505,  512,  511,  507,  503,  498,  509, 
			 503,  514,  515,  517,  503,  499,  514,  486, 
		},
		{
			 272,  261,  263,  284,  287,  278,  263,  279, 
			 267,  278,  280,  272,  281,  265,  278,  243, 
			 284,  285,  281,  294,  275,  290,  281,  269, 
			 291,  294,  292,  298,  296,  287,  283,  273, 
			 275,  283,  296,  290,  290,  297,  275,  266, 
			 264,  282,  289,  292,  300,  289,  271,  260, 
			 273,  259,  269,  286,  289,  273,  276,  257, 
			 252,  269,  256,  278,  279,  268,  256,  264, 
		},
		{
			 249,  218,  247,  251,  230,  241,  243,  179, 
			 241,  256,  240,  259,  236,  236,  236,  218, 
			 241,  254,  284,  279,  253,  255,  244,  243, 
			 257,  288,  289,  298,  298,  287,  282,  248, 
			 261,  270,  294,  295,  296,  280,  264,  265, 
			 256,  273,  274,  287,  285,  277,  261,  242, 
			 240,  248,  258,  276,  268,  260,  251,  241, 
			 219,  242,  257,  267,  252,  264,  237,  236, 
		},
		{
			  94,   94,   94,   94,   94,   94,   94,   94, 
			 281,  277,  261,  223,  214,  231,  274,  271, 
			 205,  199,  185,  167,  152,  142,  177,  185, 
			 131,  120,  109,   95,   90,   98,  111,  115, 
			 111,  103,   87,   87,   83,   86,   97,   98, 
			 101,  101,   88,   97,   94,   96,   93,   93, 
			 113,  104,  108,  108,  104,   98,   96,   93, 
			  94,   94,   94,   94,   94,   94,   94,   94, 
		},
	},
	{17 47}
}
Iteration: 16
Error: 0.0652583
{
	{
		{
			 148,   77,   96,  101,  118,   96,   63,   61, 
			  56,  131,   84,   57,   66,  109,   18,  -15, 
			  50,  147,   43,   60,    7,   73,   91,  -10, 
			  11,   18,   46,    0,  -19,  -14,    5,  -37, 
			  45,   34,    9,  -57,  -46,  -69,  -25,  -72, 
			  14,   23,  -67,  -76,  -80,  -56,  -15,  -38, 
			  43,  -17,  -27,  -78,  -61,  -37,   13,   11, 
			 -49,   23,    3,  -65,    2,  -35,   24,   20, 
		},
		{
			 989, 1006, 1050, 1080, 1093, 1110, 1022, 1009, 
			 998,  997,  993,  971,  985, 1114, 1049, 1161, 
			1002, 1009, 1035, 1051, 1061, 1104, 1131, 1085, 
			 995, 1009, 1016, 1019, 1020, 1028, 1013, 1038, 
			1006, 1014, 1012, 1017, 1028, 1019, 1033, 1013, 
			1007, 1028, 1017, 1024, 1020, 1026, 1030, 1019, 
			1005, 1026, 1030, 1027, 1033, 1046, 1052, 1032, 
			1022, 1008, 1018, 1033, 1012,  998,  974, 1012, 
		},
		{
			 524,  526,  543,  543,  584,  594,  543,  518, 
			 484,  479,  515,  543,  513,  558,  566,  542, 
			 482,  484,  495,  516,  535,  546,  559,  533, 
			 451,  471,  495,  510,  491,  501,  512,  505, 
			 455,  452,  454,  471,  477,  471,  487,  465, 
			 448,  460,  469,  480,  477,  473,  496,  470, 
			 441,  464,  461,  469,  472,  477,  486,  421, 
			 464,  468,  482,  487,  491,  477,  442,  458, 
		},
		{
			 338,  325,  350,  301,  252,  326,  368,  313, 
			 338,  376,  352,  362,  376,  422,  371,  394, 
			 349,  365,  413,  381,  421,  413,  407,  398, 
			 334,  361,  384,  390,  387,  368,  369,  358, 
			 351,  371,  372,  390,  396,  374,  374,  340, 
			 384,  380,  379,  375,  378,  382,  373,  380, 
			 349,  390,  373,  366,  369,  390,  399,  369, 
			 367,  346,  360,  351,  338,  346,  362,  353, 
		},
		{
			 130,  288,  309,  296,  385,  245,  212,  239, 
			 279,  318,  415,  366,  423,  422,  351,  352, 
			 341,  366,  371,  404,  433,  462,  412,  350, 
			 355,  359,  359,  395,  366,  388,  348,  373, 
			 334,  347,  359,  357,  368,  369,  353,  324, 
			 324,  339,  360,  357,  367,  355,  365,  324, 
			 323,  319,  342,  346,  348,  362,  341,  338, 
			 287,  324,  297,  316,  318,  326,  322,  271, 
		},
		{
			  82,   82,   82,   82,   82,   82,   82,   82, 
			 102,  105,   88,  123,  140,  127,   75,   38, 
			  46,   69,   92,   81,  100,  133,   77,   50, 
			  62,   81,   75,   86,   99,   81,   81,   47, 
			  43,   75,   70,   89,   88,   77,   76,   32, 
			  50,   71,   75,   71,   88,   64,  108,   64, 
			  47,   83,   64,   60,   75,  102,  123,   65, 
			  82,   82,   82,   82,   82,   82,   82,   82, 
		},
	},
	{
		{
			 -77,  -32,  -36,  -30,  -29,  -17,  -16,  -45, 
			 -28,  -13,  -10,   -7,   -4,    8,   19,    7, 
			 -22,   -9,    5,    2,   13,   15,   18,   10, 
			 -28,   -3,    5,   16,   18,   25,   16,    7, 
			 -41,  -11,    9,   27,   28,   32,   12,    1, 
			 -34,  -10,   19,   29,   33,   27,    9,   -3, 
			 -36,   -5,   10,   25,   22,   18,    0,  -18, 
			 -33,  -31,  -21,  -10,  -36,  -13,  -30,  -56, 
		},
		{
			 945,  958,  946,  946,  933,  929,  939,  967, 
			 946,  947,  977, 1020, 1004,  971,  976,  849, 
			 924,  944,  962,  950,  992,  943,  913,  913, 
			 933,  957,  956,  976, 1004,  999,  986,  955, 
			 939,  957,  957,  982,  970,  967,  959,  944, 
			 918,  908,  966,  946,  967,  959,  960,  929, 
			 939,  941,  925,  950,  937,  901,  884,  901, 
			 920,  917,  918,  893,  934,  918,  929,  895, 
		},
		{
			 517,  513,  510,  508,  495,  487,  498,  504, 
			 518,  528,  519,  509,  508,  500,  493,  491, 
			 515,  516,  511,  505,  495,  493,  491,  491, 
			 517,  511,  512,  504,  506,  505,  494,  494, 
			 509,  513,  517,  515,  510,  506,  496,  494, 
			 502,  506,  507,  504,  507,  499,  487,  491, 
			 506,  505,  512,  511,  507,  503,  498,  509, 
			 503,  514,  515,  517,  503,  499,  514,  486, 
		},
		{
			 272,  261,  263,  284,  287,  278,  263,  279, 
			 267,  278,  280,  272,  281,  265,  278,  243, 
			 284,  285,  281,  294,  275,  290,  281,  269, 
			 291,  294,  292,  298,  296,  287,  283,  273, 
			 275,  283,  296,  290,  290,  297,  275,  266, 
			 264,  282,  289,  292,  300,  289,  271,  260, 
			 273,  259,  269,  286,  289,  273,  276,  257, 
			 252,  269,  256,  278,  279,  268,  256,  262, 
		},
		{
			 249,  218,  247,  251,  230,  241,  243,  179, 
			 241,  256,  240,  259,  236,  236,  236,  218, 
			 241,  254,  284,  279,  253,  255,  244,  243, 
			 257,  288,  289,  298,  298,  287,  282,  248, 
			 261,  270,  294,  295,  296,  280,  264,  265, 
			 256,  273,  274,  287,  285,  277,  261,  242, 
			 240,  248,  258,  276,  268,  260,  251,  241, 
			 219,  242,  257,  267,  252,  264,  237,  236, 
		},
		{
			  94,   94,   94,   94,   94,   94,   94,   94, 
			 281,  277,  261,  224,  214,  231,  274,  271, 
			 205,  199,  185,  167,  152,  142,  177,  185, 
			 131,  120,  109,   95,   90,   98,  111,  115, 
			 111,  103,   87,   87,   83,   86,   97,   98, 
			 101,  101,   88,   97,   94,   96,   93,   93, 
			 113,  104,  108,  108,  104,   98,   96,   93, 
			  94,   94,   94,   94,   94,   94,   94,   94, 
		},
	},
	{17 47}
}
Iteration: 17
Error: 0.0652583
{
	{
		{
			 148,   77,   96,  101,  118,   96,   63,   61, 
			  56,  131,   84,   57,   65,  109,   18,  -15, 
			  50,  147,   43,   60,    7,   73,   91,  -10, 
			  10,   18,   46,    0,  -19,  -14,    5,  -37, 
			  45,   34,    9,  -57,  -46,  -69,  -25,  -72, 
			  14,   23,  -67,  -76,  -80,  -56,  -15,  -38, 
			  43,  -17,  -27,  -78,  -61,  -37,   13,   11, 
			 -49,   23,    3,  -65,    2,  -35,   24,   20, 
		},
		{
			 989, 1006, 1050, 1080, 1093, 1110, 1022, 1009, 
			 998,  997,  993,  971,  985, 1114, 1049, 1161, 
			1002, 1009, 1035, 1051, 1061, 1104, 1131, 1085, 
			 995, 1009, 1016, 1019, 1020, 1028, 1013, 1038, 
			1006, 1014, 1012, 1017, 1028, 1019, 1033, 1013, 
			1007, 1028, 1017, 1024, 1020, 1026, 1030, 1019, 
			1005, 1026, 1030, 1027, 1033, 1046, 1052, 1032, 
			1022, 1008, 1018, 1033, 1012,  998,  974, 1012, 
		},
		{
			 524,  526,  543,  543,  584,  594,  543,  518, 
			 484,  479,  515,  543,  513,  558,  566,  542, 
			 482,  484,  495,  516,  535,  546,  559,  533, 
			 451,  471,  495,  510,  491,  501,  512,  505, 
			 455,  452,  454,  471,  477,  471,  487,  465, 
			 448,  460,  469,  480,  477,  473,  494,  470, 
			 441,  464,  461,  469,  472,  477,  486,  421, 
			 464,  468,  482,  487,  491,  477,  442,  458, 
		},
		{
			 338,  325,  350,  301,  252,  326,  368,  313, 
			 338,  376,  352,  362,  376,  422,  371,  394, 
			 349,  365,  413,  381,  421,  413,  407,  398, 
			 334,  361,  384,  390,  387,  368,  369,  358, 
			 351,  371,  372,  390,  396,  374,  374,  340, 
			 384,  380,  379,  375,  378,  382,  373,  380, 
			 349,  390,  373,  366,  369,  390,  399,  369, 
			 367,  346,  360,  351,  338,  346,  362,  353, 
		},
		{
			 130,  288,  309,  296,  385,  245,  212,  239, 
			 279,  318,  415,  366,  423,  422,  351,  352, 
			 341,  366,  371,  404,  433,  462,  412,  350, 
			 355,  359,  359,  395,  366,  388,  348,  373, 
			 334,  347,  359,  357,  368,  369,  353,  324, 
			 324,  339,  360,  357,  367,  355,  365,  324, 
			 323,  319,  342,  346,  348,  362,  341,  338, 
			 287,  324,  297,  316,  318,  326,  322,  271, 
		},
		{
			  82,   82,   82,   82,   82,   82,   82,   82, 
			 102,  105,   88,  123,  140,  127,   75,   38, 
			  46,   69,   92,   81,  100,  133,   77,   50, 
			  62,   81,   75,   86,   99,   81,   81,   47, 
			  43,   75,   70,   89,   88,   77,   76,   32, 
			  50,   71,   75,   71,   88,   64,  108,   64, 
			  47,   83,   64,   60,   75,  102,  123,   65, 
			  82,   82,   82,   82,   82,   82,   82,   82, 
		},
	},
	{
		{
			 -77,  -33,  -36,  -30,  -29,  -17,  -17,  -45, 
			 -28,  -13,  -10,   -7,   -4,    8,   19,    7, 
			 -22,   -9,    5,    2,   13,   15,   18,   10, 
			 -28,   -3,    5,   16,   18,   25,   16,    7, 
			 -41,  -11,    9,   27,   28,   32,   12,    1, 
			 -34,  -10,   19,   29,   33,   27,    9,   -3, 
			 -36,   -5,   10,   25,   22,   18,    0,  -18, 
			 -33,  -31,  -21,  -10,  -36,  -13,  -30,  -56, 
		},
		{
			 945,  958,  946,  946,  933,  929,  939,  967, 
			 946,  947,  977, 1020, 1004,  971,  976,  849, 
			 924,  944,  962,  950,  992,  943,  913,  913, 
			 933,  957,  956,  976, 1004,  999,  986,  955, 
			 939,  957,  957,  982,  970,  967,  959,  944, 
			 918,  908,  966,  946,  967,  959,  960,  929, 
			 939,  941,  925,  950,  937,  901,  884,  901, 
			 920,  917,  918,  893,  934,  918,  929,  895, 
		},
		{
			 517,  513,  510,  508,  495,  487,  498,  504, 
			 518,  528,  519,  509,  508,  500,  493,  491, 
			 515,  516,  511,  505,  495,  493,  491,  491, 
			 517,  511,  512,  504,  506,  505,  494,  494, 
			 509,  513,  517,  515,  510,  506,  496,  494, 
			 502,  506,  507,  504,  507,  499,  487,  491, 
			 506,  505,  512,  511,  507,  503,  498,  509, 
			 503,  514,  515,  517,  503,  499,  514,  486, 
		},
		{
			 272,  261,  263,  284,  287,  278,  263,  279, 
			 267,  278,  280,  272,  281,  265,  278,  243, 
			 284,  285,  281,  294,  275,  290,  281,  269, 
			 291,  294,  292,  298,  296,  287,  283,  273, 
			 275,  283,  296,  290,  290,  297,  275,  266, 
			 264,  282,  289,  292,  300,  289,  271,  260, 
			 273,  259,  269,  286,  289,  273,  276,  257, 
			 252,  269,  256,  278,  279,  268,  256,  262, 
		},
		{
			 249,  218,  247,  251,  230,  241,  243,  179, 
			 241,  256,  240,  259,  236,  236,  236,  218, 
			 241,  254,  284,  279,  253,  255,  244,  243, 
			 257,  288,  289,  298,  298,  287,  282,  248, 
			 261,  270,  294,  295,  296,  280,  264,  265, 
			 256,  273,  274,  287,  285,  277,  261,  242, 
			 240,  248,  258,  276,  268,  260,  251,  241, 
			 219,  242,  257,  267,  252,  264,  237,  236, 
		},
		{
			  94,   94,   94,   94,   94,   94,   94,   94, 
			 281,  277,  261,  224,  214,  231,  274,  271, 
			 205,  199,  185,  167,  152,  142,  177,  185, 
			 131,  120,  109,   95,   90,   98,  111,  115, 
			 111,  103,   87,   87,   83,   86,   97,   98, 
			 101,  101,   88,   97,   94,   96,   93,   93, 
			 113,  104,  108,  108,  104,   98,   96,   93, 
			  94,   94,   94,   94,   94,   94,   94,   94, 
		},
	},
	{17 47}
}
Iteration: 18
Error: 0.0652583
{
	{
		{
			 148,   82,  101,  101,  118,   96,   63,   61, 
			  56,  131,   84,   57,   65,  109,   18,  -15, 
			  50,  147,   43,   60,    7,   73,   91,  -10, 
			  10,   18,   46,    0,  -19,  -14,    5,  -37, 
			  45,   34,    9,  -57,  -46,  -69,  -25,  -72, 
			  14,   23,  -67,  -76,  -80,  -56,  -15,  -38, 
			  43,  -17,  -27,  -78,  -61,  -37,   13,   11, 
			 -49,   23,    3,  -65,    2,  -35,   24,   20, 
		},
		{
			 989, 1006, 1050, 1080, 1093, 1110, 1022, 1009, 
			 998,  997,  993,  971,  985, 1114, 1049, 1161, 
			1002, 1009, 1035, 1051, 1061, 1104, 1131, 1085, 
			 995, 1009, 1016, 1019, 1020, 1028, 1013, 1038, 
			1006, 1014, 1012, 1017, 1028, 1019, 1033, 1013, 
			1007, 1028, 1017, 1024, 1020, 1026, 1030, 1019, 
			1005, 1026, 1030, 1027, 1033, 1046, 1052, 1032, 
			1022, 1008, 1018, 1033, 1012,  998,  974, 1012, 
		},
		{
			 524,  526,  543,  543,  584,  594,  543,  518, 
			 484,  479,  515,  543,  513,  558,  566,  542, 
			 482,  484,  495,  516,  535,  546,  559,  533, 
			 451,  471,  495,  510,  491,  501,  512,  505, 
			 455,  452,  454,  471,  477,  471,  487,  465, 
			 448,  460,  469,  480,  477,  473,  494,  470, 
			 441,  464,  461,  469,  472,  477,  486,  421, 
			 464,  468,  482,  487,  491,  477,  442,  458, 
		},
		{
			 338,  325,  350,  301,  252,  326,  368,  313, 
			 338,  376,  352,  362,  376,  422,  371,  394, 
			 349,  365,  413,  381,  421,  413,  407,  398, 
			 334,  361,  384,  390,  387,  368,  369,  358, 
			 351,  371,  372,  390,  396,  374,  374,  340, 
			 384,  380,  379,  375,  378,  382,  373,  380, 
			 349,  390,  373,  366,  369,  390,  399,  369, 
			 367,  346,  360,  351,  338,  346,  362,  353, 
		},
		{
			 130,  288,  309,  296,  385,  245,  212,  239, 
			 279,  318,  415,  366,  423,  422,  351,  352, 
			 341,  366,  371,  404,  433,  462,  412,  350, 
			 355,  359,  359,  395,  366,  388,  348,  373, 
			 334,  347,  359,  357,  368,  369,  353,  324, 
			 324,  339,  360,  357,  367,  355,  365,  324, 
			 323,  319,  342,  346,  348,  362,  341,  338, 
			 287,  324,  297,  316,  318,  326,  322,  271, 
		},
		{
			  82,   82,   82,   82,   82,   82,   82,   82, 
			 102,  105,   88,  123,  140,  127,   75,   38, 
			  46,   69,   92,   81,  100,  133,   77,   50, 
			  62,   81,   75,   86,   99,   81,   81,   47, 
			  43,   75,   70,   89,   88,   77,   76,   32, 
			  50,   71,   75,   71,   88,   64,  108,   64, 
			  47,   83,   64,   60,   75,  102,  123,   65, 
			  82,   82,   82,   82,   82,   82,   82,   82, 
		},
	},
	{
		{
			 -77,  -33,  -36,  -30,  -29,  -17,  -17,  -45, 
			 -28,  -13,  -10,   -7,   -4,    8,   19,    7, 
			 -22,   -9,    5,    2,   13,   15,   18,   10, 
			 -28,   -3,    5,   16,   18,   25,   16,    7, 
			 -41,  -11,    9,   27,   28,   32,   12,    1, 
			 -34,  -10,   19,   29,   33,   27,    9,   -3, 
			 -36,   -5,   10,   25,   22,   18,    0,  -18, 
			 -33,  -31,  -21,  -10,  -36,  -13,  -30,  -56, 
		},
		{
			 945,  958,  946,  946,  933,  929,  939,  967, 
			 946,  947,  977, 1020, 1004,  971,  976,  849, 
			 924,  944,  962,  950,  992,  943,  913,  913, 
			 933,  957,  956,  976, 1004,  999,  986,  955, 
			 939,  957,  957,  982,  970,  967,  959,  944, 
			 918,  908,  966,  946,  967,  959,  960,  929, 
			 939,  941,  925,  950,  937,  901,  884,  901, 
			 920,  917,  918,  893,  934,  918,  929,  895, 
		},
		{
			 517,  513,  510,  508,  495,  487,  498,  504, 
			 518,  528,  519,  509,  508,  500,  493,  491, 
			 515,  516,  511,  505,  495,  493,  491,  491, 
			 517,  511,  512,  504,  506,  505,  494,  494, 
			 509,  513,  517,  515,  510,  506,  496,  494, 
			 502,  506,  507,  504,  507,  499,  487,  491, 
			 506,  505,  512,  511,  507,  503,  498,  509, 
			 503,  514,  515,  517,  503,  499,  514,  486, 
		},
		{
			 272,  261,  263,  284,  287,  278,  263,  279, 
			 267,  278,  280,  272,  281,  265,  278,  243, 
			 284,  285,  281,  294,  275,  290,  281,  269, 
			 291,  294,  292,  298,  296,  287,  283,  273, 
			 275,  283,  296,  290,  290,  297,  275,  266, 
			 264,  282,  289,  292,  300,  289,  271,  260, 
			 273,  259,  269,  286,  289,  273,  276,  257, 
			 252,  269,  256,  278,  279,  268,  256,  262, 
		},
		{
			 249,  218,  247,  251,  230,  241,  243,  179, 
			 241,  256,  240,  259,  236,  236,  236,  218, 
			 241,  254,  284,  279,  253,  255,  244,  243, 
			 257,  288,  289,  298,  298,  287,  282,  248, 
			 261,  270,  294,  295,  296,  280,  264,  265, 
			 256,  273,  274,  287,  285,  277,  261,  242, 
			 240,  248,  258,  276,  268,  260,  251,  241, 
			 219,  242,  257,  267,  252,  264,  237,  236, 
		},
		{
			  94,   94,   94,   94,   94,   94,   94,   94, 
			 281,  277,  261,  224,  214,  231,  274,  271, 
			 205,  199,  185,  167,  152,  142,  177,  185, 
			 131,  120,  109,   95,   90,   98,  111,  115, 
			 111,  103,   87,   87,   83,   86,   97,   98, 
			 101,  101,   88,   97,   94,   96,   93,   93, 
			 113,  104,  108,  108,  104,   98,   96,   93, 
			  94,   94,   94,   94,   94,   94,   94,   94, 
		},
	},
	{17 47}
}
Iteration: 19
Error: 0.0652583
{
	{
		{
			 148,   82,  101,  101,  118,   96,   63,   61, 
			  56,  131,   84,   57,   65,  109,   18,  -15, 
			  50,  147,   43,   60,    7,   73,   91,  -10, 
			  10,   18,   46,    0,  -19,  -14,    5,  -37, 
			  45,   34,    9,  -57,  -46,  -69,  -25,  -72, 
			  14,   23,  -67,  -76,  -80,  -56,  -15,  -38, 
			  43,  -17,  -27,  -78,  -61,  -37,   13,   11, 
			 -49,   23,    3,  -65,    2,  -35,   24,   20, 
		},
		{
			 989, 1006, 1050, 1080, 1093, 1110, 1022, 1009, 
			 998,  997,  993,  971,  985, 1114, 1049, 1161, 
			1002, 1009, 1035, 1051, 1061, 1104, 1131, 1085, 
			 995, 1009, 1016, 1019, 1020, 1028, 1013, 1038, 
			1006, 1014, 1012, 1017, 1028, 1019, 1033, 1013, 
			1007, 1028, 1017, 1024, 1020, 1026, 1030, 1019, 
			1005, 1026, 1030, 1027, 1033, 1046, 1052, 1032, 
			1022, 1008, 1018, 1033, 1012,  998,  974, 1012, 
		},
		{
			 524,  526,  543,  543,  584,  594,  543,  518, 
			 484,  479,  515,  543,  513,  558,  566,  542, 
			 482,  484,  495,  516,  535,  546,  559,  533, 
			 451,  471,  495,  510,  491,  501,  512,  505, 
			 455,  452,  454,  471,  477,  471,  487,  465, 
			 448,  460,  469,  480,  477,  473,  494,  470, 
			 441,  464,  461,  469,  472,  477,  486,  421, 
			 464,  468,  482,  487,  491,  477,  442,  458, 
		},
		{
			 338,  325,  350,  301,  252,  326,  368,  313, 
			 338,  376,  352,  362,  376,  422,  371,  394, 
			 349,  365,  413,  381,  421,  413,  407,  398, 
			 334,  361,  384,  390,  387,  368,  369,  358, 
			 351,  371,  372,  390,  396,  374,  374,  340, 
			 384,  380,  379,  375,  378,  382,  373,  380, 
			 349,  390,  373,  366,  369,  390,  399,  369, 
			 367,  346,  360,  351,  338,  346,  362,  353, 
		},
		{
			 130,  288,  309,  296,  385,  245,  212,  239, 
			 279,  318,  415,  366,  423,  422,  351,  352, 
			 341,  366,  371,  404,  433,  462,  412,  350, 
			 355,  359,  359,  395,  366,  388,  348,  373, 
			 334,  347,  359,  357,  368,  369,  353,  324, 
			 324,  339,  360,  357,  367,  355,  365,  324, 
			 323,  319,  342,  346,  348,  362,  341,  338, 
			 287,  324,  297,  316,  318,  326,  322,  271, 
		},
		{
			  82,   82,   82,   82,   82,   82,   82,   82, 
			 102,  105,   88,  123,  140,  127,   75,   38, 
			  46,   69,   92,   81,  100,  133,   77,   50, 
			  62,   81,   75,   86,   99,   81,   81,   47, 
			  43,   75,   70,   89,   88,   77,   76,   32, 
			  50,   71,   75,   71,   88,   64,  108,   64, 
			  47,   83,   64,   60,   75,  102,  123,   65, 
			  82,   82,   82,   82,   82,   82,   82,   82, 
		},
	},
	{
		{
			 -77,  -33,  -36,  -30,  -29,  -17,  -17,  -45, 
			 -28,  -13,  -10,   -7,   -4,    8,   19,    7, 
			 -22,   -9,    5,    2,   13,   15,   18,   10, 
			 -28,   -3,    5,   16,   18,   25,   16,    7, 
			 -41,  -11,    9,   27,   28,   32,   12,    1, 
			 -34,  -10,   19,   29,   33,   27,    9,   -3, 
			 -36,   -5,   10,   25,   22,   18,    0,  -18, 
			 -33,  -31,  -21,  -10,  -36,  -13,  -30,  -56, 
		},
		{
			 945,  958,  946,  946,  933,  929,  939,  967, 
			 946,  947,  977, 1020, 1004,  971,  976,  849, 
			 924,  944,  962,  950,  992,  943,  913,  913, 
			 933,  957,  956,  976, 1004,  999,  986,  955, 
			 939,  957,  957,  982,  970,  967,  959,  944, 
			 918,  908,  966,  946,  967,  959,  960,  929, 
			 939,  941,  925,  950,  937,  901,  884,  901, 
			 920,  917,  918,  893,  934,  918,  929,  895, 
		},
		{
			 517,  513,  510,  508,  495,  487,  498,  504, 
			 518,  528,  519,  509,  508,  500,  493,  491, 
			 515,  516,  511,  505,  495,  493,  491,  491, 
			 517,  511,  512,  504,  506,  505,  494,  494, 
			 509,  513,  517,  515,  510,  506,  496,  494, 
			 502,  506,  507,  504,  507,  499,  487,  491, 
			 506,  505,  512,  511,  507,  503,  498,  509, 
			 503,  514,  515,  517,  503,  499,  514,  486, 
		},
		{
			 272,  261,  263,  284,  287,  278,  263,  279, 
			 267,  278,  280,  272,  281,  265,  278,  243, 
			 284,  285,  281,  294,  275,  290,  281,  269, 
			 291,  294,  292,  298,  296,  287,  283,  273, 
			 275,  283,  296,  290,  290,  297,  275,  266, 
			 264,  282,  289,  292,  300,  289,  271,  260, 
			 273,  259,  269,  286,  289,  273,  276,  257, 
			 252,  269,  256,  278,  279,  268,  256,  262, 
		},
		{
			 249,  218,  247,  251,  230,  241,  243,  179, 
			 241,  256,  240,  259,  236,  236,  236,  218, 
			 241,  254,  284,  279,  253,  255,  244,  243, 
			 257,  288,  289,  298,  298,  287,  282,  248, 
			 261,  270,  294,  295,  296,  280,  264,  265, 
			 256,  273,  274,  287,  285,  277,  261,  242, 
			 240,  248,  258,  276,  268,  260,  251,  241, 
			 219,  242,  257,  267,  252,  264,  237,  236, 
		},
		{
			  94,   94,   94,   94,   94,   94,   94,   94, 
			 281,  277,  261,  224,  214,  231,  274,  271, 
			 205,  199,  185,  167,  152,  142,  177,  185, 
			 131,  120,  109,   95,   90,   98,  111,  115, 
			 111,  103,   87,   87,   83,   86,   97,   98, 
			 101,  101,   88,   97,   94,   96,   93,   93, 
			 113,  104,  108,  108,  104,   98,   96,   93, 
			  94,   94,   94,   94,   94,   94,   94,   94, 
		},
	},
	{17 47}
}
