Iteration: 1
Error: 0.0665877
{
    {0, 1058, 483, 379, 358, 81, }
    {0, 969, 522, 308, 282, 108, }
    {
        {  -9,   -2,  -27,  -83,  -31,  -59,    8,    0, },
        { -19,   -9,   -5,    3,   -7,    1,    2,    6, },
        { -14,  -13,    4,    9,   14,   -1,  -15,   -4, },
        { -14,   10,   12,    4,    6,    2,   17,   -2, },
        { -33,   -9,    7,   10,    7,   11,   -5,  -20, },
        { -45,  -13,  -14,   -2,    6,    9,   37,  -14, },
    },
    {
        { -37,  -13,    2,   15,    6,   16,   -3,  -22, },
        { -25,  -18,   -3,   -4,   23,   10,   -1,  -20, },
        {   1,    5,    4,    6,   -4,   -2,   -2,  -17, },
        { -17,  -12,  -11,   -1,   -1,   -5,  -17,  -28, },
        { -31,  -11,   -5,    5,    3,   -5,  -14,  -35, },
        {  24,   14,    4,   -2,   -6,   -5,   -3,    0, },
    },
    {
        {  26,   -1,  -29,  -21,   18,   80,   83,  109, },
        {  -2,    4,    0,   -7,   -7,   28,   -7,   -9, },
        {  -1,  -21,  -11,  -15,   13,   34,   38,   74, },
        { -12,    8,   16,   14,    2,   35,   13,  -26, },
        { -22,  -10,    1,    5,   16,   48,   24, -112, },
        {   0,    5,    0,   -1,    6,   13,   29,    0, },
    },
    {
        { -42,   -4,    5,    4,    1,   -3,  -12,  -41, },
        { -61,  -28,  -16,    3,   17,   -4,   14,   10, },
        {  -6,   -4,  -10,   -1,   -4,   -6,    0,   -9, },
        { -25,   -8,   -5,   -3,    4,   -8,  -21,  -21, },
        { -35,  -14,   -2,   12,   11,  -11,  -30,  -30, },
        {   0,   -7,  -14,  -17,    0,   69,  148,    0, },
    },
}
Iteration: 1
Error: 0.0665625
{
    {0, 1048, 488, 381, 361, 82, }
    {0, 969, 514, 305, 278, 107, }
    {
        { -14,   -2,  -26,  -83,  -31,  -59,    8,    0, },
        { -18,   -9,   -4,    3,   -7,    1,    3,    7, },
        { -14,  -11,    4,   10,   14,   -1,  -15,   -4, },
        { -14,   10,   14,    5,    7,    3,   18,   -1, },
        { -33,   -8,    7,   10,    7,   11,   -4,  -21, },
        { -45,  -13,  -14,   -2,    6,    9,   37,  -14, },
    },
    {
        { -37,  -13,    1,   15,    6,   16,   -3,  -22, },
        { -26,  -17,   -3,   -4,   23,    9,   -1,  -25, },
        {   1,    5,    4,    6,   -4,   -3,   -2,  -19, },
        { -16,  -13,  -13,   -3,   -1,   -5,  -17,  -28, },
        { -31,  -11,   -5,    5,    3,   -5,  -14,  -35, },
        {  24,   14,    4,   -2,   -6,   -5,   -3,    0, },
    },
    {
        {  26,   -1,  -29,  -21,   18,   76,   88,  110, },
        {  -1,    4,    0,   -7,   -7,   28,   -7,   -8, },
        {   0,  -20,  -11,  -14,   13,   34,   38,   74, },
        { -12,    8,   16,   14,    2,   35,   13,  -26, },
        { -22,  -10,    1,    5,   16,   48,   24, -113, },
        {   0,    5,    0,   -1,    6,   13,   29,    0, },
    },
    {
        { -42,   -4,    5,    4,    1,   -3,  -13,  -41, },
        { -60,  -29,  -16,    8,   17,   -5,   14,    9, },
        {  -6,   -4,  -10,   -1,   -4,   -6,    0,   -9, },
        { -26,  -12,   -9,   -3,    4,   -8,  -21,  -21, },
        { -35,  -15,   -2,   10,   11,  -11,  -30,  -29, },
        {   0,   -7,  -14,  -17,    0,   69,  148,    0, },
    },
}
Iteration: 2
Error: 0.066547
{
    {0, 1038, 490, 383, 363, 82, }
    {0, 969, 509, 301, 274, 106, }
    {
        { -11,   -2,  -26,  -83,  -31,  -58,    8,    0, },
        { -18,   -7,   -4,    3,   -7,    2,    2,    9, },
        { -14,  -11,    4,   10,   14,   -1,  -15,   -4, },
        { -13,   10,   14,    6,    7,    3,   18,   -1, },
        { -32,   -7,    7,   10,    7,   11,   -4,  -21, },
        { -45,  -13,  -14,   -2,    6,    9,   36,  -14, },
    },
    {
        { -38,  -13,    1,   15,    6,   16,   -3,  -22, },
        { -25,  -23,   -2,   -4,   23,    9,   -1,  -25, },
        {  -1,    5,    4,    6,   -4,   -3,   -4,  -19, },
        { -21,  -13,  -13,   -3,   -1,   -5,  -17,  -28, },
        { -31,  -11,   -5,    5,    3,   -5,  -14,  -34, },
        {  24,   14,    4,   -2,   -6,   -5,   -3,    0, },
    },
    {
        {  26,   -1,  -27,  -21,   18,   78,   88,  114, },
        {  -1,    4,    0,   -7,   -8,   28,   -7,   -8, },
        {   0,  -19,  -11,  -14,   13,   34,   38,   78, },
        { -12,    8,   16,   14,    2,   35,   13,  -26, },
        { -22,   -9,    1,    5,   16,   48,   24, -113, },
        {   0,    5,    0,   -1,    5,   13,   31,    0, },
    },
    {
        { -41,   -4,    5,    4,    1,   -3,  -12,  -40, },
        { -60,  -29,  -17,    8,   16,   -5,   14,    8, },
        {  -6,   -4,  -10,   -3,   -4,   -6,    0,   -9, },
        { -29,  -12,   -9,   -3,    4,   -8,  -21,  -22, },
        { -35,  -15,   -2,   10,   11,  -11,  -30,  -28, },
        {   0,   -7,  -14,  -17,    0,   68,  146,    0, },
    },
}
Iteration: 3
Error: 0.0665333
{
    {0, 1033, 492, 386, 366, 82, }
    {0, 964, 503, 299, 269, 106, }
    {
        { -11,   -4,  -26,  -83,  -31,  -57,    8,    0, },
        { -18,   -6,   -4,    2,   -7,    1,    2,    9, },
        { -14,  -11,    4,   10,   14,   -1,  -15,   -4, },
        { -13,   10,   14,    6,    7,    3,   18,   -1, },
        { -31,   -7,    7,   10,    7,   11,   -4,  -21, },
        { -45,  -13,  -14,   -2,    6,    9,   36,  -14, },
    },
    {
        { -38,  -13,    1,   15,    6,   16,   -3,  -22, },
        { -25,  -24,   -5,   -4,   23,    9,   -1,  -25, },
        {  -1,    5,    4,    6,   -4,   -3,   -4,  -19, },
        { -21,  -13,  -13,   -3,   -1,   -5,  -17,  -28, },
        { -31,  -11,   -5,    5,    3,   -5,  -14,  -31, },
        {  24,   14,    4,   -2,   -6,   -5,   -3,    0, },
    },
    {
        {  26,   -1,  -27,  -21,   24,   78,   88,  113, },
        {  -1,    4,    0,   -7,   -8,   28,   -7,   -8, },
        {   0,  -19,  -11,  -13,   13,   34,   38,   78, },
        { -12,    8,   16,   14,    2,   35,   13,  -27, },
        { -22,   -9,    1,    5,   16,   48,   24, -113, },
        {   0,    5,    0,   -1,    5,   13,   31,    0, },
    },
    {
        { -41,   -4,    5,    4,    1,   -3,  -12,  -40, },
        { -60,  -29,  -17,    7,   16,   -5,   14,    8, },
        {  -6,   -4,  -10,   -3,   -4,   -6,    0,   -9, },
        { -29,  -12,   -9,   -3,    1,  -12,  -21,  -23, },
        { -35,  -15,   -2,   10,   12,  -10,  -29,  -28, },
        {   0,   -7,  -14,  -17,    0,   66,  146,    0, },
    },
}
Iteration: 4
Error: 0.0665195
{
    {0, 1033, 498, 388, 368, 82, }
    {0, 961, 498, 295, 265, 105, }
    {
        { -11,   -4,  -26,  -83,  -31,  -58,    8,    1, },
        { -18,   -7,   -4,    2,   -7,    1,    2,    8, },
        { -14,  -11,    4,   10,   14,   -1,  -15,   -4, },
        { -11,   10,   14,    6,    7,    4,   18,    0, },
        { -31,   -7,    7,   10,    7,   11,   -3,  -21, },
        { -45,  -13,  -14,   -2,    6,    9,   36,  -14, },
    },
    {
        { -37,  -13,    1,   15,    6,   16,   -3,  -22, },
        { -25,  -24,   -5,   -4,   23,    9,   -6,  -30, },
        {  -1,    4,    4,    6,   -4,   -3,   -4,  -19, },
        { -21,  -12,  -13,   -3,   -1,   -5,  -17,  -28, },
        { -31,  -11,   -5,    5,    3,   -5,  -14,  -31, },
        {  24,   14,    4,   -2,   -6,   -5,   -3,    0, },
    },
    {
        {  26,   -1,  -27,  -21,   24,   78,   89,  117, },
        {  -1,    4,    0,   -7,   -9,   28,   -7,   -8, },
        {   0,  -19,  -11,  -13,   13,   33,   38,   79, },
        { -12,    8,   16,   13,    3,   36,   11,  -27, },
        { -22,   -9,    2,    5,   16,   48,   24, -114, },
        {   0,    5,    0,   -1,    5,   13,   31,    0, },
    },
    {
        { -41,   -4,    5,    4,    0,   -3,  -12,  -41, },
        { -60,  -29,  -17,    7,   21,   -7,   14,    8, },
        {  -6,   -5,  -10,   -3,   -5,   -6,    0,  -10, },
        { -29,  -12,   -9,   -4,    1,  -12,  -20,  -22, },
        { -35,  -15,   -2,   10,   12,  -10,  -28,  -27, },
        {   0,   -7,  -14,  -17,    0,   66,  144,    0, },
    },
}
Iteration: 5
Error: 0.0665071
{
    {0, 1034, 503, 391, 371, 83, }
    {0, 957, 492, 292, 262, 104, }
    {
        { -11,   -3,  -26,  -84,  -31,  -57,    8,    0, },
        { -20,   -7,   -4,    2,   -7,    1,    2,   10, },
        { -14,  -11,    4,   10,   14,   -1,  -14,   -4, },
        { -11,   10,   14,    6,    7,    4,   18,    0, },
        { -31,   -7,    7,   10,    7,   11,   -3,  -21, },
        { -45,  -13,  -14,   -2,    6,    9,   36,  -14, },
    },
    {
        { -38,  -13,    1,   15,    6,   16,   -3,  -21, },
        { -25,  -23,   -4,   -4,   22,    9,   -6,  -30, },
        {  -1,    4,    4,    6,   -4,   -3,   -4,  -19, },
        { -21,  -12,  -13,   -4,   -1,   -5,  -17,  -28, },
        { -31,  -11,   -5,    5,    3,   -5,  -14,  -31, },
        {  24,   14,    4,   -2,   -8,   -5,   -3,    0, },
    },
    {
        {  26,   -1,  -27,  -21,   23,   84,   86,  117, },
        {  -1,    4,    0,   -7,  -11,   28,   -8,   -8, },
        {   0,  -19,  -10,  -11,   13,   33,   38,   79, },
        { -12,    8,   16,   13,    3,   36,   11,  -27, },
        { -22,   -9,    2,    5,   16,   48,   24, -115, },
        {   0,    5,    0,   -1,    5,   13,   31,    0, },
    },
    {
        { -41,   -4,    5,    4,    0,   -4,  -11,  -42, },
        { -60,  -29,  -17,    7,   21,   -7,   14,    7, },
        {  -6,   -5,  -10,   -3,   -5,   -6,    0,  -10, },
        { -29,  -12,   -9,   -4,    1,  -12,  -21,  -22, },
        { -35,  -15,   -2,   10,   12,  -10,  -28,  -26, },
        {   0,   -7,  -14,  -17,    0,   66,  143,    0, },
    },
}
Iteration: 6
Error: 0.066498
{
    {0, 1038, 506, 393, 373, 83, }
    {0, 945, 488, 289, 259, 104, }
    {
        {  -7,   -3,  -26,  -83,  -31,  -56,    8,    0, },
        { -18,   -7,   -4,    2,   -7,    1,    2,   10, },
        { -14,  -11,    4,   10,   14,   -1,  -14,   -4, },
        { -11,   10,   14,    6,    7,    4,   18,    0, },
        { -31,   -7,    7,   10,    7,   11,   -3,  -21, },
        { -45,  -13,  -14,   -2,    6,    9,   36,  -14, },
    },
    {
        { -38,  -13,    1,   15,    6,   16,   -3,  -21, },
        { -25,  -23,   -4,   -5,   22,    9,   -6,  -30, },
        {  -1,    4,    3,    6,   -4,   -3,   -4,  -19, },
        { -20,  -13,  -13,   -4,   -1,   -5,  -18,  -28, },
        { -30,  -11,   -5,    5,    3,   -5,  -14,  -31, },
        {  24,   14,    4,   -2,   -8,   -5,   -2,    0, },
    },
    {
        {  26,   -1,  -27,  -21,   23,   84,   86,  121, },
        {  -1,    4,    0,   -8,  -10,   28,   -8,   -8, },
        {   0,  -19,  -10,  -11,   13,   33,   38,   79, },
        { -12,    8,   16,   13,    3,   36,   11,  -27, },
        { -22,   -9,    2,    5,   16,   48,   24, -117, },
        {   0,    5,    0,   -1,    5,   13,   31,    0, },
    },
    {
        { -41,   -4,    5,    4,    0,   -4,  -12,  -42, },
        { -60,  -29,  -17,    7,   21,   -7,   14,    7, },
        {  -6,   -5,  -10,   -3,   -5,   -6,    0,  -10, },
        { -29,  -12,   -9,   -4,    1,  -11,  -21,  -22, },
        { -35,  -15,   -2,   10,   12,  -10,  -28,  -25, },
        {   0,   -7,  -14,  -17,    0,   66,  143,    0, },
    },
}
Iteration: 7
Error: 0.0664903
{
    {0, 1049, 511, 395, 375, 83, }
    {0, 938, 484, 289, 259, 104, }
    {
        {  -7,   -3,  -26,  -83,  -31,  -56,    8,    0, },
        { -18,   -7,   -4,    2,   -7,    1,    3,   10, },
        { -14,  -11,    4,   10,   14,   -1,  -14,   -4, },
        { -11,   11,   14,    6,    7,    4,   18,    0, },
        { -31,   -7,    7,   10,    7,   11,   -3,  -21, },
        { -45,  -13,  -14,   -2,    6,    9,   36,  -14, },
    },
    {
        { -38,  -13,    1,   15,    6,   16,   -3,  -21, },
        { -25,  -23,   -4,   -5,   22,    9,   -6,  -30, },
        {  -1,    4,    3,    5,   -4,   -3,   -4,  -19, },
        { -20,  -14,  -13,   -4,   -1,   -5,  -18,  -28, },
        { -30,  -11,   -5,    5,    3,   -5,  -14,  -31, },
        {  24,   14,    4,   -2,   -8,   -5,   -2,    0, },
    },
    {
        {  26,   -1,  -27,  -21,   23,   84,   91,  122, },
        {  -1,    4,    0,   -8,  -10,   28,   -8,   -8, },
        {   1,  -19,  -10,  -11,   13,   33,   38,   79, },
        { -12,    8,   16,   13,    3,   36,   11,  -33, },
        { -22,   -9,    2,    5,   16,   46,   24, -117, },
        {   0,    5,    0,   -1,    5,   13,   31,    0, },
    },
    {
        { -41,   -4,    5,    4,    0,   -4,  -13,  -42, },
        { -60,  -29,  -17,    7,   21,   -7,   14,    7, },
        {  -8,   -5,  -12,   -3,   -5,   -6,    0,  -10, },
        { -29,  -12,   -9,   -5,    0,  -11,  -21,  -21, },
        { -35,  -15,   -2,   10,   12,  -10,  -28,  -26, },
        {   0,   -7,  -14,  -17,    0,   66,  143,    0, },
    },
}

Iteratino 8 is gone :(

Iteration: 9
Error: 0.0664744
{
    {0, 1071, 517, 400, 380, 84, }
    {0, 922, 482, 287, 257, 103, }
    {
        {  -6,   -4,  -26,  -83,  -31,  -56,    8,    0, },
        { -18,   -7,   -4,    2,   -7,    1,    3,   10, },
        { -14,  -12,    6,   10,   14,   -1,  -14,   -4, },
        { -11,   11,   15,    6,    8,    5,   19,    0, },
        { -31,   -7,    7,   10,    7,   11,   -3,  -21, },
        { -45,  -13,  -14,   -2,    7,    9,   36,  -14, },
    },
    {
        { -38,  -13,    1,   15,    6,   16,   -3,  -21, },
        { -28,  -22,   -4,   -5,   22,    9,   -6,  -30, },
        {  -1,    5,    2,    5,   -4,   -3,   -4,  -19, },
        { -20,  -14,  -13,   -4,   -2,   -7,  -19,  -28, },
        { -30,  -13,   -5,    6,    3,   -5,  -14,  -31, },
        {  24,   14,    4,   -2,   -8,   -5,   -2,    1, },
    },
    {
        {  26,   -1,  -27,  -21,   23,   84,   92,  117, },
        {  -1,    4,    0,   -8,  -10,   28,   -9,   -7, },
        {   1,  -19,   -9,  -11,   13,   33,   38,   80, },
        { -12,    8,   16,   13,    3,   36,   11,  -32, },
        { -22,   -9,    2,    5,   15,   45,   20, -118, },
        {   0,    5,    0,   -1,    5,   13,   30,    0, },
    },
    {
        { -41,   -4,    5,    4,    0,   -4,  -13,  -42, },
        { -59,  -29,  -16,    7,   20,   -7,   14,    7, },
        {  -8,   -6,  -12,   -4,   -5,   -6,   -1,  -10, },
        { -29,  -12,   -9,   -6,    0,  -11,  -22,  -21, },
        { -32,  -15,   -2,   10,   13,  -10,  -28,  -26, },
        {   0,   -7,  -14,  -17,    0,   66,  143,    0, },
    },
}
Iteration: 10
Error: 0.0664734
{
    {0, 1076, 517, 400, 380, 84, }
    {0, 916, 482, 287, 257, 103, }
    {
        {  -7,   -4,  -26,  -83,  -31,  -56,    8,    0, },
        { -18,   -7,   -4,    2,   -7,    1,    3,   10, },
        { -14,  -12,    5,   10,   14,   -1,  -13,   -4, },
        { -11,   11,   15,    7,    8,    5,   19,    0, },
        { -31,   -7,    7,   10,    7,   11,   -3,  -21, },
        { -45,  -13,  -14,   -2,    7,    9,   36,  -14, },
    },
    {
        { -37,  -13,    1,   15,    6,   16,   -3,  -21, },
        { -28,  -22,   -4,   -5,   22,    8,   -7,  -30, },
        {  -1,    5,    3,    5,   -4,   -3,   -4,  -19, },
        { -20,  -14,  -13,   -4,   -2,   -7,  -19,  -28, },
        { -30,  -13,   -5,    6,    4,   -5,  -15,  -31, },
        {  24,   14,    4,   -2,   -8,   -5,   -2,    1, },
    },
    {
        {  26,   -1,  -27,  -20,   23,   85,   94,  122, },
        {  -1,    4,    0,   -8,  -10,   28,   -9,   -6, },
        {   1,  -19,   -9,  -11,   14,   33,   38,   80, },
        { -12,    8,   16,   13,    3,   36,   11,  -32, },
        { -22,   -9,    2,    5,   15,   45,   20, -118, },
        {   0,    5,    0,   -1,    5,   13,   30,    0, },
    },
    {
        { -41,   -4,    5,    4,    0,   -4,  -13,  -42, },
        { -59,  -29,  -16,    7,   20,   -7,   14,    7, },
        {  -8,   -6,  -12,   -4,   -5,   -6,   -1,  -10, },
        { -29,  -12,   -9,   -6,    0,  -11,  -22,  -21, },
        { -32,  -15,   -2,   10,   13,  -10,  -28,  -26, },
        {   0,   -7,  -14,  -17,    0,   66,  143,    0, },
    },
}

// Laziness terrible

Iteration: 13
Error: 0.0664622
{
    {0, 1107, 525, 404, 384, 85, }
    {0, 900, 479, 286, 255, 103, }
    {
        {  -7,   -4,  -27,  -83,  -31,  -57,    8,    0, },
        { -17,   -7,   -4,    2,   -6,    2,    3,   11, },
        { -14,  -12,    5,   10,   14,   -1,  -14,   -4, },
        { -11,   11,   15,    7,    8,    5,   19,    0, },
        { -31,   -7,    7,   10,    7,   11,   -2,  -21, },
        { -45,  -13,  -14,   -2,    7,    9,   36,  -14, },
    },
    {
        { -37,  -12,    2,   15,    6,   16,   -3,  -21, },
        { -28,  -22,   -4,   -5,   22,    8,   -7,  -30, },
        {  -1,    5,    3,    5,   -4,   -3,   -4,  -19, },
        { -21,  -14,  -13,   -4,   -2,   -7,  -19,  -28, },
        { -31,  -13,   -5,    6,    4,   -5,  -15,  -33, },
        {  24,   14,    4,   -2,   -8,   -5,   -2,    1, },
    },
    {
        {  26,   -1,  -29,  -22,   25,   85,   95,  118, },
        {  -1,    4,    0,   -8,  -10,   28,  -13,   -7, },
        {   1,  -19,   -9,  -12,   14,   33,   39,   77, },
        { -12,    8,   16,   13,    3,   36,   11,  -32, },
        { -22,   -9,    2,    5,   15,   45,   22, -123, },
        {   0,    5,    0,   -1,    5,   13,   30,    0, },
    },
    {
        { -41,   -4,    5,    4,    0,   -5,  -13,  -42, },
        { -59,  -29,  -16,    7,   20,   -6,   20,    8, },
        {  -8,   -6,  -12,   -4,   -5,   -6,   -1,  -10, },
        { -29,  -12,   -9,   -6,    0,  -11,  -22,  -22, },
        { -32,  -15,   -2,   10,   13,   -9,  -27,  -22, },
        {   0,   -7,  -14,  -17,    0,   65,  141,    0, },
    },
}
