Iteration: 1
Error: 0.0653798
{
	{
		{
			  97,   57,   73,   62,   81,   70,   50,   31, 
			  32,   94,   52,   39,   35,   88,   -6,  -25, 
			  29,  115,   17,   40,   -8,   53,   47,  -25, 
			  -2,    7,   18,  -17,  -25,  -20,   -3,  -33, 
			  21,    8,   -4,  -64,  -55,  -58,  -31,  -67, 
			  -4,   13,  -56,  -65,  -68,  -51,  -21,  -34, 
			  24,  -16,  -27,  -68,  -52,  -29,    9,    8, 
			 -41,   15,   -3,  -52,    0,  -31,   23,   18, 
		},
		{
			 820,  840,  884,  890,  911,  917,  854,  837, 
			 830,  827,  833,  816,  831,  929,  881,  955, 
			 833,  842,  857,  871,  886,  921,  946,  906, 
			 829,  838,  845,  848,  851,  859,  847,  865, 
			 839,  847,  846,  849,  856,  851,  860,  849, 
			 842,  859,  850,  855,  849,  860,  860,  849, 
			 839,  860,  858,  856,  858,  868,  871,  859, 
			 855,  842,  848,  861,  846,  834,  818,  848, 
		},
		{
			 445,  449,  461,  465,  487,  502,  450,  425, 
			 412,  408,  436,  465,  436,  464,  481,  456, 
			 412,  416,  418,  437,  451,  461,  468,  454, 
			 388,  401,  419,  429,  412,  426,  435,  429, 
			 386,  384,  386,  399,  403,  396,  414,  393, 
			 380,  390,  402,  405,  406,  397,  416,  403, 
			 375,  395,  394,  399,  398,  398,  411,  357, 
			 393,  397,  409,  413,  412,  402,  377,  391, 
		},
		{
			 299,  281,  306,  270,  229,  292,  320,  271, 
			 288,  325,  307,  314,  331,  365,  332,  347, 
			 304,  319,  356,  332,  369,  359,  363,  352, 
			 293,  313,  329,  339,  339,  325,  322,  316, 
			 307,  322,  323,  339,  341,  325,  326,  296, 
			 331,  331,  329,  324,  326,  333,  324,  330, 
			 307,  337,  324,  319,  320,  336,  346,  323, 
			 321,  301,  313,  308,  302,  303,  315,  309, 
		},
		{
			 101,  233,  261,  243,  314,  203,  181,  199, 
			 231,  264,  345,  306,  352,  351,  303,  297, 
			 284,  305,  312,  340,  361,  380,  350,  297, 
			 299,  300,  299,  328,  307,  327,  293,  312, 
			 281,  289,  301,  301,  306,  308,  297,  274, 
			 275,  286,  303,  298,  307,  300,  306,  274, 
			 272,  267,  287,  292,  291,  299,  288,  283, 
			 244,  274,  250,  268,  267,  278,  271,  227, 
		},
		{
			   0,    0,    0,    0,    0,    0,    0,    0, 
			  77,   81,   65,   96,  112,  107,   60,   35, 
			  42,   52,   72,   67,   79,  104,   62,   36, 
			  54,   68,   62,   70,   78,   65,   56,   30, 
			  41,   64,   60,   74,   69,   56,   52,   20, 
			  47,   62,   65,   58,   69,   47,   77,   44, 
			  44,   70,   54,   50,   58,   76,   90,   45, 
			   0,    0,    0,    0,    0,    0,    0,    0, 
		},
	},
	{
		{
			 -64,  -30,  -32,  -25,  -24,  -15,  -19,  -35, 
			 -23,  -11,   -9,   -9,   -6,    1,   13,    2, 
			 -18,  -12,    2,   -2,    8,    9,   14,    7, 
			 -22,   -5,    3,   11,   12,   16,   10,    0, 
			 -33,   -9,    6,   20,   22,   20,    8,   -1, 
			 -27,  -10,   12,   20,   23,   17,    5,   -6, 
			 -30,   -8,    4,   17,   14,    9,   -6,  -19, 
			 -29,  -29,  -18,  -12,  -33,  -14,  -36,  -52, 
		},
		{
			 714,  720,  702,  715,  698,  699,  704,  729, 
			 713,  712,  728,  763,  747,  732,  731,  642, 
			 692,  709,  730,  720,  750,  706,  683,  681, 
			 697,  724,  717,  734,  755,  751,  739,  719, 
			 705,  712,  717,  739,  730,  723,  720,  704, 
			 683,  675,  722,  708,  725,  710,  713,  698, 
			 699,  695,  697,  709,  710,  674,  668,  677, 
			 685,  686,  690,  666,  697,  685,  693,  666, 
		},
		{
			 386,  383,  382,  377,  371,  363,  373,  381, 
			 386,  395,  388,  376,  377,  374,  367,  367, 
			 385,  384,  382,  378,  370,  368,  367,  364, 
			 386,  383,  384,  377,  381,  376,  369,  368, 
			 381,  386,  388,  387,  383,  380,  369,  368, 
			 376,  380,  376,  378,  378,  376,  364,  364, 
			 380,  377,  381,  381,  379,  383,  373,  382, 
			 377,  383,  382,  385,  379,  380,  387,  364, 
		},
		{
			 198,  197,  196,  214,  215,  207,  194,  212, 
			 205,  209,  214,  204,  209,  195,  206,  179, 
			 216,  216,  211,  221,  206,  217,  203,  195, 
			 221,  224,  221,  222,  220,  213,  215,  202, 
			 207,  215,  225,  218,  219,  224,  203,  205, 
			 199,  212,  219,  223,  230,  213,  205,  195, 
			 203,  195,  201,  217,  218,  207,  203,  191, 
			 191,  202,  196,  209,  208,  201,  192,  196, 
		},
		{
			 194,  163,  182,  187,  172,  181,  179,  126, 
			 180,  191,  179,  193,  173,  175,  172,  157, 
			 181,  190,  210,  207,  187,  190,  177,  178, 
			 188,  210,  216,  221,  219,  212,  211,  183, 
			 193,  202,  218,  217,  223,  209,  193,  194, 
			 181,  201,  198,  216,  212,  198,  192,  177, 
			 175,  184,  190,  199,  202,  194,  183,  179, 
			 159,  174,  190,  194,  188,  193,  173,  178, 
		},
		{
			   0,    0,    0,    0,    0,    0,    0,    0, 
			 219,  219,  206,  176,  166,  176,  209,  209, 
			 158,  156,  143,  129,  118,  111,  136,  143, 
			 100,   92,   82,   74,   69,   77,   89,   93, 
			  82,   78,   66,   64,   68,   70,   79,   79, 
			  75,   77,   65,   75,   73,   76,   77,   75, 
			  83,   80,   81,   83,   82,   81,   78,   75, 
			   0,    0,    0,    0,    0,    0,    0,    0, 
		},
	},
}
Iteration: 2
Error: 0.0653779
{
	{
		{
			  98,   57,   73,   62,   86,   75,   50,   36, 
			  32,   84,   52,   39,   40,   88,   -6,  -15, 
			  28,  115,   17,   46,   -4,   53,   47,  -25, 
			   0,    2,   24,  -17,  -30,  -20,   -3,  -33, 
			  21,    8,   -4,  -64,  -55,  -62,  -31,  -67, 
			  -4,    7,  -56,  -65,  -68,  -51,  -21,  -34, 
			  23,  -16,  -27,  -67,  -52,  -29,    9,    8, 
			 -41,   15,   -3,  -52,    0,  -31,   23,   18, 
		},
		{
			 820,  840,  884,  896,  911,  922,  854,  837, 
			 830,  827,  833,  816,  831,  928,  881,  962, 
			 833,  841,  857,  871,  886,  921,  947,  906, 
			 829,  838,  845,  848,  851,  859,  847,  865, 
			 839,  848,  845,  849,  856,  851,  860,  849, 
			 842,  859,  850,  854,  849,  860,  860,  849, 
			 839,  860,  858,  856,  858,  870,  871,  859, 
			 855,  842,  848,  861,  845,  834,  818,  848, 
		},
		{
			 445,  449,  459,  465,  487,  502,  456,  425, 
			 412,  408,  436,  465,  436,  470,  481,  456, 
			 412,  416,  418,  437,  451,  460,  472,  454, 
			 387,  401,  419,  429,  412,  426,  435,  429, 
			 387,  384,  386,  399,  403,  396,  414,  393, 
			 380,  390,  402,  405,  406,  397,  416,  403, 
			 375,  395,  394,  399,  398,  398,  411,  357, 
			 393,  397,  409,  413,  412,  402,  377,  391, 
		},
		{
			 299,  281,  306,  270,  229,  292,  321,  274, 
			 287,  325,  307,  314,  331,  366,  332,  347, 
			 303,  319,  356,  332,  369,  359,  363,  352, 
			 292,  313,  329,  339,  339,  325,  322,  316, 
			 307,  322,  323,  339,  341,  325,  326,  296, 
			 331,  331,  329,  324,  326,  333,  324,  330, 
			 307,  337,  324,  319,  320,  336,  346,  323, 
			 321,  301,  313,  308,  302,  303,  315,  309, 
		},
		{
			 101,  233,  261,  243,  314,  203,  185,  199, 
			 230,  264,  344,  308,  352,  351,  303,  297, 
			 280,  305,  312,  340,  361,  385,  351,  299, 
			 299,  300,  299,  328,  307,  326,  293,  312, 
			 281,  289,  301,  301,  306,  308,  297,  274, 
			 275,  286,  303,  297,  307,  300,  306,  274, 
			 272,  267,  287,  292,  291,  299,  289,  283, 
			 244,  274,  250,  268,  267,  278,  271,  227, 
		},
		{
			   0,    0,    0,    0,    0,    0,    0,    0, 
			  77,   81,   66,   96,  113,  107,   65,   35, 
			  42,   52,   72,   67,   79,  104,   63,   36, 
			  54,   68,   62,   70,   78,   65,   56,   30, 
			  41,   64,   60,   74,   69,   56,   52,   20, 
			  47,   62,   65,   58,   69,   47,   77,   44, 
			  44,   70,   54,   50,   58,   76,   90,   45, 
			   0,    0,    0,    0,    0,    0,    0,    0, 
		},
	},
	{
		{
			 -59,  -28,  -32,  -24,  -25,  -19,  -18,  -35, 
			 -23,  -11,   -9,   -9,   -6,    1,   13,    1, 
			 -18,  -12,    2,   -2,    7,    8,   14,    7, 
			 -22,   -5,    2,   11,   12,   15,   10,    0, 
			 -33,   -9,    5,   20,   22,   21,    8,   -1, 
			 -29,  -10,   12,   20,   22,   17,    5,   -6, 
			 -31,   -8,    4,   17,   14,    9,   -6,  -19, 
			 -29,  -29,  -18,  -12,  -33,  -14,  -36,  -52, 
		},
		{
			 714,  720,  702,  710,  698,  699,  704,  729, 
			 713,  712,  728,  763,  747,  732,  731,  638, 
			 692,  709,  730,  720,  750,  706,  683,  681, 
			 697,  725,  717,  734,  755,  752,  739,  719, 
			 705,  712,  718,  739,  730,  723,  720,  704, 
			 683,  675,  722,  709,  725,  710,  713,  698, 
			 699,  695,  697,  709,  710,  673,  668,  672, 
			 686,  686,  690,  666,  697,  685,  692,  666, 
		},
		{
			 386,  383,  382,  377,  371,  363,  372,  381, 
			 386,  395,  388,  376,  377,  374,  367,  366, 
			 385,  384,  382,  378,  370,  368,  366,  364, 
			 386,  383,  384,  377,  380,  376,  369,  368, 
			 381,  386,  388,  387,  383,  380,  369,  368, 
			 376,  380,  376,  378,  378,  376,  364,  364, 
			 380,  377,  381,  381,  379,  383,  373,  383, 
			 377,  383,  382,  385,  379,  380,  387,  364, 
		},
		{
			 200,  197,  196,  214,  216,  207,  194,  212, 
			 204,  209,  214,  204,  209,  195,  206,  179, 
			 216,  215,  211,  221,  206,  217,  205,  195, 
			 221,  224,  221,  222,  220,  213,  215,  202, 
			 207,  215,  225,  218,  219,  224,  203,  205, 
			 199,  212,  219,  223,  230,  213,  205,  195, 
			 204,  195,  201,  217,  218,  207,  203,  191, 
			 191,  203,  196,  209,  208,  201,  192,  196, 
		},
		{
			 194,  165,  182,  187,  172,  181,  179,  126, 
			 180,  191,  179,  193,  173,  175,  172,  158, 
			 182,  190,  210,  207,  187,  190,  174,  178, 
			 188,  210,  216,  221,  219,  212,  211,  182, 
			 193,  202,  218,  217,  223,  209,  193,  194, 
			 181,  201,  198,  216,  212,  198,  192,  177, 
			 180,  184,  190,  199,  202,  194,  183,  179, 
			 159,  174,  190,  194,  188,  193,  173,  178, 
		},
		{
			   0,    0,    0,    0,    0,    0,    0,    0, 
			 219,  219,  203,  176,  166,  176,  209,  209, 
			 157,  156,  143,  129,  118,  111,  136,  143, 
			 100,   92,   82,   74,   69,   77,   89,   93, 
			  82,   78,   66,   64,   68,   70,   79,   79, 
			  75,   77,   65,   75,   73,   76,   77,   75, 
			  83,   80,   81,   83,   82,   81,   78,   75, 
			   0,    0,    0,    0,    0,    0,    0,    0, 
		},
	},
}
Iteration: 3
Error: 0.0653768
{
	{
		{
			  99,   58,   78,   57,   86,   79,   50,   41, 
			  36,   89,   52,   43,   40,   88,    0,  -16, 
			  28,  116,   17,   46,   -4,   53,   47,  -25, 
			   0,    2,   27,  -17,  -30,  -20,   -3,  -33, 
			  21,    8,   -4,  -64,  -55,  -62,  -31,  -67, 
			  -4,    7,  -56,  -65,  -69,  -51,  -21,  -34, 
			  23,  -16,  -27,  -67,  -52,  -29,    9,    8, 
			 -41,   15,   -3,  -52,    0,  -31,   23,   18, 
		},
		{
			 817,  840,  884,  896,  911,  922,  854,  837, 
			 829,  826,  833,  816,  831,  928,  881,  963, 
			 833,  841,  857,  871,  886,  921,  947,  907, 
			 829,  838,  845,  848,  851,  859,  847,  865, 
			 839,  848,  845,  849,  856,  851,  860,  849, 
			 842,  859,  850,  854,  849,  860,  860,  849, 
			 839,  860,  858,  856,  858,  870,  871,  859, 
			 855,  842,  848,  861,  845,  834,  817,  848, 
		},
		{
			 445,  452,  459,  465,  487,  502,  456,  425, 
			 412,  404,  436,  465,  437,  470,  481,  456, 
			 412,  416,  418,  437,  451,  460,  472,  454, 
			 387,  401,  419,  429,  412,  426,  440,  429, 
			 387,  384,  386,  399,  403,  396,  414,  393, 
			 380,  390,  402,  405,  405,  397,  416,  403, 
			 375,  395,  394,  398,  398,  398,  411,  357, 
			 393,  397,  409,  413,  412,  402,  377,  391, 
		},
		{
			 294,  281,  306,  272,  226,  287,  321,  274, 
			 287,  325,  307,  314,  331,  366,  332,  347, 
			 303,  320,  356,  332,  369,  359,  363,  352, 
			 292,  313,  329,  339,  339,  325,  322,  316, 
			 307,  322,  323,  339,  341,  325,  326,  296, 
			 331,  331,  329,  324,  326,  333,  324,  330, 
			 307,  337,  324,  319,  320,  336,  346,  323, 
			 321,  301,  313,  308,  302,  303,  315,  309, 
		},
		{
			 101,  233,  261,  242,  315,  203,  185,  199, 
			 231,  264,  344,  308,  352,  351,  303,  297, 
			 281,  305,  312,  339,  361,  385,  351,  299, 
			 299,  300,  299,  328,  307,  326,  293,  312, 
			 281,  289,  301,  301,  306,  308,  297,  274, 
			 275,  286,  303,  297,  307,  300,  306,  274, 
			 272,  267,  287,  292,  291,  299,  289,  283, 
			 244,  274,  250,  268,  267,  278,  271,  227, 
		},
		{
			   0,    0,    0,    0,    0,    0,    0,    0, 
			  77,   81,   73,   96,  114,  107,   65,   35, 
			  41,   52,   72,   67,   80,  104,   62,   36, 
			  54,   68,   62,   70,   78,   65,   56,   30, 
			  41,   64,   60,   74,   69,   56,   52,   20, 
			  47,   62,   65,   58,   69,   47,   77,   44, 
			  44,   70,   54,   50,   58,   76,   90,   45, 
			   0,    0,    0,    0,    0,    0,    0,    0, 
		},
	},
	{
		{
			 -61,  -28,  -32,  -25,  -25,  -20,  -17,  -35, 
			 -23,  -11,  -10,   -9,   -6,    1,   13,    1, 
			 -18,  -12,    2,   -2,    7,    9,   14,    5, 
			 -22,   -5,    2,   11,   12,   15,   10,    0, 
			 -33,   -9,    5,   20,   21,   21,    8,   -1, 
			 -28,  -10,   12,   20,   22,   17,    5,   -6, 
			 -31,   -8,    4,   17,   14,    9,   -6,  -19, 
			 -29,  -29,  -18,  -12,  -33,  -14,  -36,  -52, 
		},
		{
			 714,  720,  702,  710,  698,  698,  704,  729, 
			 712,  712,  729,  763,  747,  732,  731,  638, 
			 692,  709,  730,  720,  750,  706,  683,  681, 
			 697,  725,  717,  734,  755,  752,  739,  719, 
			 705,  712,  718,  739,  730,  723,  720,  704, 
			 683,  675,  722,  709,  725,  710,  713,  698, 
			 699,  695,  697,  709,  710,  673,  668,  672, 
			 686,  686,  690,  666,  697,  685,  691,  666, 
		},
		{
			 386,  383,  382,  377,  371,  363,  372,  381, 
			 386,  396,  388,  376,  378,  374,  367,  366, 
			 385,  384,  383,  378,  370,  368,  366,  364, 
			 386,  383,  384,  377,  380,  376,  369,  368, 
			 381,  386,  388,  387,  383,  380,  369,  368, 
			 376,  380,  376,  378,  378,  375,  364,  364, 
			 380,  377,  381,  381,  379,  383,  373,  383, 
			 377,  383,  382,  385,  379,  380,  387,  364, 
		},
		{
			 205,  197,  196,  213,  216,  207,  194,  212, 
			 204,  208,  214,  204,  209,  196,  206,  179, 
			 216,  215,  211,  221,  206,  217,  205,  195, 
			 221,  224,  221,  222,  220,  213,  215,  202, 
			 206,  215,  225,  218,  219,  224,  203,  205, 
			 199,  212,  219,  223,  230,  213,  205,  195, 
			 204,  195,  201,  217,  218,  207,  203,  191, 
			 191,  203,  196,  209,  208,  201,  192,  196, 
		},
		{
			 194,  164,  183,  188,  173,  180,  179,  129, 
			 180,  191,  179,  193,  173,  175,  173,  158, 
			 182,  190,  210,  207,  187,  190,  174,  178, 
			 188,  210,  216,  221,  219,  212,  211,  182, 
			 193,  202,  218,  217,  223,  207,  193,  194, 
			 181,  201,  198,  216,  212,  198,  192,  177, 
			 180,  184,  190,  199,  202,  194,  183,  179, 
			 159,  174,  190,  194,  188,  193,  173,  179, 
		},
		{
			   0,    0,    0,    0,    0,    0,    0,    0, 
			 219,  219,  203,  176,  166,  176,  209,  209, 
			 156,  156,  143,  129,  117,  111,  136,  143, 
			 100,   92,   82,   74,   69,   77,   89,   92, 
			  82,   78,   66,   64,   68,   70,   79,   79, 
			  75,   77,   65,   75,   73,   76,   77,   75, 
			  83,   80,   81,   83,   82,   81,   78,   75, 
			   0,    0,    0,    0,    0,    0,    0,    0, 
		},
	},
}
Iteration: 4
Error: 0.0653762
{
	{
		{
			  98,   58,   78,   58,   86,   79,   44,   41, 
			  36,   90,   52,   43,   41,   88,    0,  -16, 
			  33,  116,   16,   46,   -4,   53,   47,   -9, 
			   0,    2,   27,  -17,  -30,  -20,   -3,  -33, 
			  21,    8,   -4,  -64,  -56,  -62,  -31,  -67, 
			  -4,    7,  -56,  -65,  -69,  -51,  -21,  -34, 
			  22,  -16,  -27,  -67,  -52,  -29,    9,    8, 
			 -41,   15,   -3,  -52,    0,  -31,   23,   18, 
		},
		{
			 817,  840,  884,  896,  911,  922,  854,  837, 
			 829,  826,  833,  816,  831,  928,  881,  963, 
			 833,  841,  857,  871,  886,  921,  947,  907, 
			 829,  838,  845,  848,  851,  859,  847,  865, 
			 839,  848,  845,  849,  856,  851,  860,  849, 
			 842,  859,  850,  854,  849,  859,  860,  849, 
			 839,  860,  858,  856,  858,  870,  872,  859, 
			 855,  842,  848,  861,  845,  834,  817,  847, 
		},
		{
			 446,  452,  459,  465,  487,  502,  456,  425, 
			 412,  404,  436,  464,  437,  470,  481,  456, 
			 412,  416,  418,  437,  451,  460,  472,  454, 
			 387,  401,  419,  429,  412,  426,  440,  429, 
			 387,  384,  386,  399,  403,  396,  414,  393, 
			 380,  389,  402,  405,  405,  397,  416,  402, 
			 375,  395,  394,  398,  398,  398,  411,  357, 
			 393,  397,  409,  413,  412,  402,  377,  391, 
		},
		{
			 294,  281,  306,  271,  226,  287,  321,  274, 
			 287,  325,  307,  314,  331,  367,  332,  347, 
			 303,  320,  356,  332,  369,  359,  363,  352, 
			 292,  313,  329,  339,  339,  324,  322,  316, 
			 307,  322,  323,  339,  341,  325,  326,  296, 
			 333,  330,  329,  324,  326,  333,  324,  330, 
			 307,  337,  324,  319,  320,  336,  346,  323, 
			 321,  301,  313,  308,  302,  303,  315,  309, 
		},
		{
			 101,  238,  255,  242,  315,  202,  185,  199, 
			 231,  264,  344,  308,  352,  351,  303,  297, 
			 282,  305,  311,  339,  362,  385,  351,  299, 
			 299,  300,  299,  328,  307,  326,  293,  312, 
			 281,  289,  301,  301,  306,  308,  297,  274, 
			 275,  286,  303,  297,  307,  300,  306,  274, 
			 272,  267,  287,  292,  291,  299,  289,  283, 
			 244,  274,  250,  268,  267,  278,  271,  227, 
		},
		{
			   0,    0,    0,    0,    0,    0,    0,    0, 
			  77,   81,   72,   96,  114,  107,   65,   35, 
			  41,   52,   72,   67,   80,  104,   62,   36, 
			  54,   68,   62,   70,   78,   65,   56,   30, 
			  41,   64,   60,   74,   69,   56,   52,   20, 
			  47,   62,   65,   58,   69,   47,   77,   44, 
			  44,   70,   54,   50,   58,   76,   90,   45, 
			   0,    0,    0,    0,    0,    0,    0,    0, 
		},
	},
	{
		{
			 -61,  -28,  -32,  -25,  -25,  -20,  -17,  -35, 
			 -23,  -11,  -10,   -9,   -6,    1,   13,    1, 
			 -18,  -12,    2,   -2,    7,    9,   14,    5, 
			 -22,   -5,    2,   11,   12,   15,   10,    0, 
			 -33,   -9,    5,   20,   21,   21,    8,   -1, 
			 -28,   -9,   12,   20,   22,   17,    5,   -6, 
			 -31,   -8,    4,   17,   14,    9,   -6,  -19, 
			 -29,  -29,  -18,  -12,  -33,  -14,  -36,  -52, 
		},
		{
			 714,  720,  702,  710,  698,  698,  704,  729, 
			 712,  712,  729,  763,  747,  732,  731,  638, 
			 692,  709,  730,  720,  750,  706,  683,  686, 
			 697,  725,  717,  739,  755,  752,  739,  719, 
			 705,  712,  718,  739,  730,  723,  720,  704, 
			 683,  675,  722,  709,  725,  710,  718,  698, 
			 699,  695,  697,  709,  710,  673,  668,  672, 
			 686,  686,  690,  666,  697,  685,  691,  665, 
		},
		{
			 387,  383,  382,  377,  371,  362,  372,  381, 
			 386,  396,  388,  376,  378,  374,  366,  366, 
			 385,  384,  383,  378,  370,  368,  366,  364, 
			 386,  383,  384,  377,  380,  376,  369,  368, 
			 381,  386,  388,  387,  383,  380,  370,  369, 
			 376,  380,  376,  378,  378,  375,  364,  364, 
			 380,  377,  381,  381,  379,  383,  373,  383, 
			 377,  383,  382,  385,  379,  380,  387,  364, 
		},
		{
			 205,  197,  196,  213,  217,  207,  194,  212, 
			 204,  208,  214,  204,  209,  196,  206,  179, 
			 216,  215,  211,  222,  206,  217,  205,  195, 
			 221,  224,  221,  222,  220,  213,  215,  202, 
			 206,  215,  225,  218,  219,  224,  203,  205, 
			 199,  212,  219,  223,  230,  213,  205,  195, 
			 204,  195,  201,  217,  218,  207,  203,  191, 
			 191,  203,  196,  209,  208,  201,  192,  196, 
		},
		{
			 194,  164,  183,  188,  172,  180,  179,  124, 
			 181,  191,  179,  192,  173,  175,  173,  158, 
			 182,  190,  210,  207,  187,  188,  174,  179, 
			 188,  210,  215,  221,  219,  212,  211,  182, 
			 193,  202,  218,  217,  223,  207,  193,  194, 
			 181,  201,  198,  216,  212,  198,  192,  177, 
			 180,  184,  190,  199,  202,  194,  183,  180, 
			 159,  174,  190,  194,  188,  193,  173,  179, 
		},
		{
			   0,    0,    0,    0,    0,    0,    0,    0, 
			 219,  219,  203,  176,  165,  176,  209,  209, 
			 156,  156,  143,  129,  117,  111,  136,  143, 
			 100,   92,   82,   74,   69,   77,   89,   92, 
			  82,   78,   66,   64,   68,   70,   79,   79, 
			  75,   77,   65,   75,   73,   76,   77,   75, 
			  83,   80,   81,   83,   82,   81,   78,   75, 
			   0,    0,    0,    0,    0,    0,    0,    0, 
		},
	},
}
Iteration: 5
Error: 0.0653757
{
	{
		{
			  98,   57,   78,   60,   86,   79,   39,   41, 
			  36,   90,   52,   42,   41,   88,    0,  -16, 
			  33,  116,   17,   46,   -4,   52,   47,  -12, 
			   0,    2,   27,  -16,  -30,  -20,   -3,  -33, 
			  21,    8,   -4,  -65,  -56,  -62,  -31,  -67, 
			   1,    7,  -56,  -65,  -69,  -51,  -21,  -34, 
			  22,  -16,  -27,  -67,  -52,  -29,    9,    8, 
			 -41,   15,   -3,  -52,    0,  -31,   23,   18, 
		},
		{
			 817,  840,  884,  896,  915,  922,  854,  837, 
			 829,  826,  833,  816,  831,  928,  881,  963, 
			 833,  841,  857,  871,  886,  921,  947,  907, 
			 829,  838,  845,  848,  851,  859,  847,  865, 
			 839,  848,  845,  849,  856,  851,  860,  849, 
			 842,  859,  850,  854,  849,  859,  860,  849, 
			 839,  860,  858,  856,  858,  870,  871,  859, 
			 855,  842,  848,  861,  845,  834,  816,  847, 
		},
		{
			 446,  452,  459,  465,  487,  502,  456,  425, 
			 412,  404,  436,  464,  437,  470,  481,  456, 
			 412,  416,  418,  437,  451,  460,  472,  454, 
			 387,  401,  419,  429,  412,  426,  440,  429, 
			 387,  384,  386,  399,  403,  396,  414,  393, 
			 380,  389,  402,  405,  405,  397,  416,  402, 
			 375,  395,  394,  398,  398,  398,  411,  357, 
			 393,  397,  409,  413,  412,  402,  377,  391, 
		},
		{
			 294,  281,  306,  271,  226,  287,  321,  274, 
			 287,  325,  306,  314,  331,  367,  332,  347, 
			 301,  320,  356,  332,  369,  360,  363,  352, 
			 292,  313,  329,  339,  339,  324,  322,  316, 
			 307,  322,  323,  339,  341,  325,  326,  296, 
			 333,  330,  329,  324,  326,  333,  324,  330, 
			 307,  337,  324,  319,  320,  336,  346,  323, 
			 321,  303,  313,  308,  300,  303,  314,  309, 
		},
		{
			 101,  238,  255,  242,  314,  202,  185,  204, 
			 231,  264,  344,  307,  352,  351,  303,  297, 
			 282,  305,  311,  339,  362,  385,  351,  293, 
			 299,  300,  299,  328,  307,  326,  293,  312, 
			 281,  289,  301,  301,  306,  308,  297,  274, 
			 275,  286,  303,  297,  307,  300,  306,  274, 
			 272,  267,  287,  292,  291,  299,  289,  283, 
			 244,  274,  250,  268,  267,  278,  271,  227, 
		},
		{
			   0,    0,    0,    0,    0,    0,    0,    0, 
			  77,   81,   72,   96,  114,  107,   65,   35, 
			  41,   52,   72,   67,   80,  104,   62,   36, 
			  54,   68,   62,   70,   78,   65,   56,   30, 
			  41,   64,   60,   74,   69,   56,   52,   20, 
			  47,   62,   65,   58,   69,   47,   77,   44, 
			  44,   70,   54,   50,   58,   76,   90,   45, 
			   0,    0,    0,    0,    0,    0,    0,    0, 
		},
	},
	{
		{
			 -61,  -28,  -32,  -25,  -25,  -19,  -16,  -36, 
			 -23,  -11,  -10,   -9,   -6,    1,   13,    1, 
			 -18,  -12,    2,   -2,    7,    8,   14,    5, 
			 -22,   -5,    2,   11,   12,   15,   10,    0, 
			 -33,   -9,    5,   20,   21,   21,    7,   -1, 
			 -28,   -9,   12,   20,   22,   17,    5,   -6, 
			 -31,   -8,    4,   16,   14,    9,   -6,  -19, 
			 -29,  -29,  -18,  -12,  -33,  -14,  -36,  -52, 
		},
		{
			 714,  720,  704,  711,  697,  698,  704,  729, 
			 712,  712,  729,  763,  747,  732,  731,  638, 
			 692,  709,  730,  720,  750,  706,  683,  686, 
			 697,  725,  717,  739,  755,  752,  739,  719, 
			 705,  712,  718,  739,  730,  723,  720,  704, 
			 683,  675,  722,  709,  725,  710,  718,  697, 
			 699,  695,  697,  709,  710,  673,  668,  672, 
			 686,  686,  690,  666,  697,  685,  691,  665, 
		},
		{
			 387,  383,  382,  377,  371,  362,  372,  381, 
			 386,  396,  388,  377,  378,  374,  367,  366, 
			 384,  384,  383,  378,  370,  368,  366,  364, 
			 386,  382,  384,  377,  380,  376,  368,  368, 
			 381,  386,  388,  387,  383,  380,  370,  369, 
			 376,  380,  376,  378,  378,  375,  364,  364, 
			 380,  377,  381,  381,  379,  383,  373,  383, 
			 377,  383,  382,  385,  379,  380,  387,  364, 
		},
		{
			 205,  197,  196,  213,  217,  207,  194,  211, 
			 204,  208,  214,  204,  209,  196,  206,  179, 
			 216,  215,  211,  222,  206,  216,  205,  195, 
			 221,  224,  221,  222,  220,  213,  215,  202, 
			 206,  215,  225,  218,  219,  224,  205,  205, 
			 199,  212,  219,  223,  230,  213,  205,  195, 
			 204,  195,  201,  217,  218,  207,  203,  191, 
			 191,  203,  196,  209,  208,  201,  192,  196, 
		},
		{
			 194,  164,  183,  188,  172,  180,  179,  124, 
			 181,  191,  179,  192,  173,  175,  173,  158, 
			 182,  190,  210,  207,  187,  188,  174,  180, 
			 188,  210,  215,  221,  219,  212,  211,  182, 
			 193,  202,  218,  217,  223,  207,  193,  194, 
			 181,  201,  198,  216,  212,  198,  192,  177, 
			 180,  184,  190,  199,  202,  194,  183,  180, 
			 159,  174,  190,  194,  188,  193,  173,  179, 
		},
		{
			   0,    0,    0,    0,    0,    0,    0,    0, 
			 219,  219,  203,  175,  165,  176,  209,  209, 
			 156,  156,  143,  129,  117,  111,  136,  143, 
			 100,   92,   82,   74,   69,   77,   89,   92, 
			  82,   78,   66,   64,   68,   70,   79,   79, 
			  75,   77,   65,   75,   73,   76,   77,   75, 
			  83,   80,   81,   83,   82,   81,   78,   75, 
			   0,    0,    0,    0,    0,    0,    0,    0, 
		},
	},
}
Iteration: 6
Error: 0.0653754
{
	{
		{
			  98,   56,   78,   60,   86,   74,   40,   40, 
			  36,   90,   52,   42,   41,   88,    1,  -17, 
			  29,  116,   17,   46,   -4,   52,   48,  -12, 
			  -1,    2,   27,  -16,  -28,  -20,   -3,  -33, 
			  21,    8,   -4,  -65,  -56,  -62,  -31,  -67, 
			   1,    8,  -56,  -65,  -69,  -51,  -21,  -34, 
			  22,  -16,  -27,  -67,  -52,  -29,    9,    8, 
			 -41,   15,   -3,  -52,    0,  -31,   23,   18, 
		},
		{
			 817,  840,  880,  896,  915,  922,  854,  837, 
			 829,  826,  833,  816,  831,  928,  881,  963, 
			 833,  841,  857,  871,  886,  921,  947,  907, 
			 829,  838,  845,  848,  850,  859,  847,  865, 
			 839,  848,  845,  849,  856,  851,  860,  849, 
			 842,  859,  850,  854,  849,  859,  860,  849, 
			 839,  860,  858,  856,  858,  870,  871,  859, 
			 855,  841,  848,  861,  845,  834,  817,  847, 
		},
		{
			 446,  452,  459,  465,  487,  502,  456,  425, 
			 412,  404,  436,  464,  437,  470,  481,  456, 
			 412,  416,  418,  438,  451,  460,  472,  454, 
			 387,  401,  419,  429,  412,  426,  439,  429, 
			 387,  384,  386,  399,  403,  396,  414,  393, 
			 381,  389,  402,  405,  405,  397,  416,  402, 
			 375,  395,  394,  398,  398,  398,  411,  357, 
			 393,  397,  409,  413,  412,  402,  377,  391, 
		},
		{
			 294,  281,  306,  271,  227,  287,  321,  273, 
			 287,  325,  306,  314,  331,  367,  332,  347, 
			 301,  320,  356,  332,  369,  360,  363,  352, 
			 292,  313,  329,  339,  339,  324,  322,  317, 
			 307,  322,  323,  339,  341,  325,  326,  296, 
			 333,  330,  329,  324,  326,  333,  324,  330, 
			 307,  337,  324,  319,  320,  336,  346,  323, 
			 321,  303,  313,  308,  300,  303,  314,  309, 
		},
		{
			 101,  238,  255,  242,  314,  202,  186,  204, 
			 231,  264,  344,  308,  352,  351,  303,  297, 
			 282,  305,  311,  339,  362,  385,  351,  294, 
			 299,  300,  299,  328,  307,  326,  293,  312, 
			 281,  289,  301,  301,  306,  308,  297,  274, 
			 275,  286,  303,  297,  307,  300,  306,  274, 
			 272,  267,  287,  292,  291,  299,  289,  283, 
			 244,  274,  250,  268,  267,  278,  271,  227, 
		},
		{
			   0,    0,    0,    0,    0,    0,    0,    0, 
			  77,   81,   72,   96,  114,  108,   65,   35, 
			  41,   52,   72,   67,   80,  104,   62,   36, 
			  54,   68,   62,   70,   78,   65,   56,   30, 
			  41,   64,   60,   74,   69,   56,   52,   20, 
			  47,   62,   65,   58,   69,   47,   77,   44, 
			  44,   70,   54,   50,   58,   76,   90,   45, 
			   0,    0,    0,    0,    0,    0,    0,    0, 
		},
	},
	{
		{
			 -61,  -28,  -32,  -25,  -25,  -19,  -16,  -36, 
			 -24,  -11,  -10,   -9,   -6,    1,   11,    1, 
			 -18,  -12,    2,   -2,    7,    8,   14,    4, 
			 -23,   -5,    2,   11,   12,   15,   10,    0, 
			 -33,   -9,    5,   20,   21,   21,    7,   -1, 
			 -28,   -9,   12,   20,   22,   17,    5,   -6, 
			 -31,   -8,    4,   16,   14,    9,   -6,  -19, 
			 -29,  -29,  -18,  -12,  -33,  -14,  -36,  -52, 
		},
		{
			 714,  720,  705,  711,  697,  696,  704,  729, 
			 712,  712,  729,  763,  747,  732,  731,  638, 
			 692,  709,  730,  720,  750,  706,  683,  681, 
			 702,  725,  717,  739,  755,  752,  739,  719, 
			 705,  711,  718,  739,  730,  723,  720,  704, 
			 683,  675,  722,  709,  725,  715,  718,  697, 
			 699,  695,  697,  709,  710,  673,  668,  672, 
			 686,  686,  690,  666,  697,  685,  692,  665, 
		},
		{
			 387,  383,  382,  377,  371,  362,  372,  381, 
			 386,  396,  388,  377,  378,  374,  367,  366, 
			 384,  384,  383,  378,  370,  368,  366,  364, 
			 386,  382,  384,  377,  380,  376,  367,  368, 
			 381,  385,  388,  387,  383,  380,  370,  369, 
			 376,  380,  376,  378,  378,  375,  364,  364, 
			 380,  377,  381,  381,  379,  383,  373,  383, 
			 377,  383,  382,  385,  379,  380,  387,  364, 
		},
		{
			 205,  197,  196,  213,  217,  207,  194,  210, 
			 204,  208,  214,  204,  209,  196,  206,  179, 
			 216,  215,  211,  222,  206,  216,  205,  195, 
			 221,  224,  221,  222,  220,  213,  215,  202, 
			 206,  215,  225,  218,  219,  224,  205,  205, 
			 199,  212,  219,  223,  230,  213,  205,  195, 
			 204,  195,  201,  217,  218,  207,  203,  191, 
			 191,  202,  196,  209,  208,  201,  192,  196, 
		},
		{
			 194,  163,  183,  188,  172,  180,  179,  124, 
			 181,  191,  179,  192,  173,  175,  173,  158, 
			 182,  190,  210,  207,  187,  188,  174,  180, 
			 188,  210,  215,  221,  219,  212,  211,  182, 
			 193,  201,  218,  217,  223,  207,  193,  194, 
			 181,  201,  198,  216,  212,  198,  192,  177, 
			 175,  184,  190,  199,  202,  194,  183,  180, 
			 159,  174,  190,  194,  188,  193,  173,  174, 
		},
		{
			   0,    0,    0,    0,    0,    0,    0,    0, 
			 219,  219,  203,  175,  165,  176,  209,  209, 
			 156,  156,  143,  129,  117,  111,  136,  143, 
			 100,   92,   82,   74,   69,   77,   89,   92, 
			  82,   78,   66,   64,   68,   70,   79,   79, 
			  75,   77,   65,   75,   73,   76,   77,   75, 
			  83,   80,   81,   83,   82,   81,   78,   75, 
			   0,    0,    0,    0,    0,    0,    0,    0, 
		},
	},
}
Iteration: 7
Error: 0.0653751
{
	{
		{
			  98,   55,   78,   60,   86,   74,   40,   40, 
			  36,   90,   52,   42,   37,   88,    6,  -19, 
			  28,  116,   17,   46,   -4,   52,   48,  -12, 
			  -2,    2,   27,  -16,  -28,  -20,   -3,  -33, 
			  21,    8,   -4,  -65,  -56,  -62,  -32,  -67, 
			  -4,    8,  -56,  -65,  -69,  -51,  -21,  -34, 
			  22,  -16,  -27,  -67,  -52,  -29,    9,    8, 
			 -41,   15,   -3,  -52,    0,  -31,   23,   18, 
		},
		{
			 817,  840,  880,  896,  915,  922,  854,  837, 
			 829,  826,  833,  816,  831,  928,  881,  963, 
			 833,  841,  857,  872,  886,  921,  947,  907, 
			 829,  838,  845,  848,  850,  859,  847,  865, 
			 839,  848,  845,  849,  856,  851,  860,  849, 
			 842,  859,  850,  854,  849,  859,  860,  849, 
			 839,  860,  858,  856,  858,  870,  871,  859, 
			 855,  841,  848,  861,  845,  834,  817,  847, 
		},
		{
			 446,  452,  459,  465,  487,  502,  456,  425, 
			 412,  404,  436,  464,  437,  470,  481,  456, 
			 412,  416,  418,  438,  451,  460,  472,  454, 
			 387,  401,  419,  429,  412,  426,  438,  429, 
			 387,  384,  385,  399,  403,  396,  414,  393, 
			 381,  389,  402,  405,  406,  397,  416,  403, 
			 375,  395,  394,  398,  398,  398,  411,  357, 
			 393,  397,  409,  413,  412,  402,  377,  391, 
		},
		{
			 294,  281,  306,  271,  227,  287,  321,  273, 
			 287,  325,  306,  314,  331,  367,  332,  347, 
			 301,  320,  356,  331,  369,  360,  363,  352, 
			 292,  313,  329,  339,  339,  324,  322,  317, 
			 307,  322,  323,  340,  341,  325,  326,  296, 
			 333,  330,  329,  324,  326,  333,  324,  330, 
			 307,  337,  324,  319,  320,  336,  346,  323, 
			 321,  303,  313,  308,  300,  303,  314,  309, 
		},
		{
			 101,  237,  255,  242,  314,  202,  186,  204, 
			 231,  264,  344,  308,  352,  351,  303,  297, 
			 282,  305,  311,  339,  362,  385,  347,  294, 
			 299,  300,  299,  328,  307,  326,  293,  312, 
			 281,  289,  301,  301,  306,  308,  297,  274, 
			 275,  286,  303,  297,  307,  300,  306,  274, 
			 272,  267,  287,  292,  291,  299,  288,  283, 
			 244,  274,  250,  268,  267,  278,  271,  227, 
		},
		{
			   0,    0,    0,    0,    0,    0,    0,    0, 
			  77,   81,   72,   96,  114,  108,   65,   35, 
			  41,   52,   72,   67,   80,  104,   62,   36, 
			  54,   68,   62,   70,   78,   65,   56,   30, 
			  41,   64,   60,   74,   69,   56,   52,   20, 
			  47,   62,   65,   58,   69,   47,   77,   44, 
			  44,   70,   54,   50,   58,   76,   90,   45, 
			   0,    0,    0,    0,    0,    0,    0,    0, 
		},
	},
	{
		{
			 -61,  -28,  -32,  -25,  -25,  -19,  -16,  -36, 
			 -24,  -11,  -10,   -9,   -6,    1,   11,    2, 
			 -18,  -12,    2,   -2,    7,    8,   14,    4, 
			 -23,   -5,    2,   11,   12,   15,   10,    0, 
			 -33,   -9,    5,   20,   21,   21,    7,   -1, 
			 -28,   -9,   12,   20,   22,   17,    5,   -6, 
			 -31,   -8,    4,   16,   14,    9,   -6,  -19, 
			 -30,  -29,  -18,  -12,  -33,  -14,  -36,  -52, 
		},
		{
			 715,  720,  705,  711,  697,  697,  704,  729, 
			 712,  712,  729,  763,  747,  732,  731,  638, 
			 692,  709,  730,  720,  750,  706,  683,  686, 
			 701,  725,  717,  739,  755,  752,  739,  720, 
			 705,  711,  718,  739,  730,  723,  720,  704, 
			 683,  675,  722,  709,  725,  715,  718,  697, 
			 699,  695,  697,  709,  710,  673,  668,  672, 
			 686,  686,  689,  666,  697,  685,  691,  665, 
		},
		{
			 387,  383,  382,  377,  370,  362,  372,  381, 
			 386,  396,  388,  377,  378,  374,  367,  366, 
			 384,  384,  383,  378,  370,  368,  366,  364, 
			 386,  382,  384,  377,  380,  376,  367,  368, 
			 381,  385,  388,  387,  383,  380,  370,  369, 
			 376,  380,  376,  378,  378,  375,  364,  365, 
			 380,  377,  381,  381,  379,  383,  373,  383, 
			 377,  383,  382,  385,  379,  380,  387,  364, 
		},
		{
			 205,  197,  196,  213,  217,  207,  194,  210, 
			 204,  208,  214,  204,  209,  196,  206,  179, 
			 216,  215,  211,  222,  206,  216,  205,  195, 
			 221,  224,  221,  222,  220,  213,  215,  202, 
			 206,  215,  225,  218,  219,  224,  205,  205, 
			 199,  212,  219,  223,  230,  213,  205,  195, 
			 204,  195,  201,  217,  218,  207,  203,  191, 
			 191,  202,  196,  209,  208,  201,  192,  196, 
		},
		{
			 194,  163,  183,  188,  172,  180,  179,  124, 
			 181,  191,  179,  192,  173,  170,  173,  158, 
			 182,  190,  210,  207,  184,  188,  174,  180, 
			 188,  210,  215,  221,  219,  212,  211,  182, 
			 193,  201,  218,  217,  223,  207,  193,  194, 
			 181,  201,  198,  216,  212,  198,  192,  177, 
			 175,  184,  190,  199,  202,  194,  183,  180, 
			 159,  174,  190,  194,  188,  193,  173,  174, 
		},
		{
			   0,    0,    0,    0,    0,    0,    0,    0, 
			 219,  219,  203,  175,  165,  176,  209,  209, 
			 156,  156,  143,  129,  117,  111,  136,  143, 
			 100,   92,   82,   74,   69,   77,   89,   92, 
			  82,   78,   66,   64,   68,   70,   79,   79, 
			  75,   77,   65,   75,   73,   76,   77,   75, 
			  83,   80,   81,   83,   82,   81,   78,   75, 
			   0,    0,    0,    0,    0,    0,    0,    0, 
		},
	},
}
Iteration: 8
Error: 0.0653751
{
	{
		{
			  98,   55,   78,   60,   86,   74,   41,   40, 
			  36,   90,   52,   42,   37,   88,    6,  -19, 
			  28,  116,   17,   46,   -4,   52,   48,  -11, 
			  -2,    2,   27,  -16,  -29,  -20,   -3,  -33, 
			  21,    8,   -4,  -65,  -56,  -62,  -32,  -67, 
			  -4,    8,  -56,  -65,  -69,  -51,  -21,  -34, 
			  22,  -16,  -27,  -67,  -52,  -29,    9,    8, 
			 -41,   15,   -3,  -52,    0,  -31,   23,   18, 
		},
		{
			 817,  840,  880,  896,  914,  922,  854,  837, 
			 829,  826,  833,  816,  831,  928,  881,  963, 
			 833,  841,  857,  872,  886,  921,  947,  907, 
			 828,  838,  845,  848,  850,  859,  847,  865, 
			 839,  848,  845,  849,  856,  851,  860,  849, 
			 842,  859,  850,  854,  849,  859,  860,  849, 
			 839,  860,  858,  856,  858,  870,  871,  859, 
			 855,  841,  848,  861,  845,  834,  817,  847, 
		},
		{
			 446,  452,  459,  465,  486,  502,  456,  425, 
			 412,  404,  436,  464,  437,  470,  481,  456, 
			 412,  416,  418,  438,  451,  460,  472,  454, 
			 387,  401,  419,  429,  412,  426,  438,  429, 
			 387,  384,  385,  399,  403,  396,  414,  393, 
			 381,  389,  402,  405,  406,  397,  416,  403, 
			 375,  395,  394,  398,  398,  398,  411,  357, 
			 393,  397,  409,  413,  412,  402,  377,  391, 
		},
		{
			 294,  281,  306,  271,  226,  287,  321,  273, 
			 287,  325,  306,  314,  331,  367,  332,  347, 
			 301,  320,  356,  331,  369,  360,  363,  352, 
			 292,  313,  329,  339,  339,  324,  322,  317, 
			 307,  322,  323,  340,  341,  325,  326,  296, 
			 333,  330,  329,  324,  326,  333,  324,  330, 
			 307,  337,  324,  319,  320,  336,  346,  323, 
			 321,  303,  313,  308,  300,  303,  314,  309, 
		},
		{
			 101,  237,  255,  242,  314,  202,  186,  199, 
			 231,  264,  344,  308,  352,  351,  303,  297, 
			 282,  305,  311,  339,  362,  385,  347,  294, 
			 299,  300,  299,  328,  307,  326,  293,  312, 
			 281,  289,  301,  301,  306,  308,  297,  274, 
			 275,  286,  303,  297,  307,  300,  306,  274, 
			 272,  267,  287,  292,  291,  299,  288,  283, 
			 244,  274,  250,  268,  267,  278,  271,  227, 
		},
		{
			   0,    0,    0,    0,    0,    0,    0,    0, 
			  77,   81,   72,   96,  114,  108,   65,   35, 
			  41,   52,   72,   67,   80,  104,   62,   36, 
			  54,   68,   62,   70,   78,   65,   56,   30, 
			  41,   64,   60,   74,   69,   56,   52,   20, 
			  47,   62,   65,   58,   69,   47,   77,   44, 
			  44,   70,   54,   50,   58,   76,   90,   45, 
			   0,    0,    0,    0,    0,    0,    0,    0, 
		},
	},
	{
		{
			 -62,  -29,  -32,  -25,  -25,  -19,  -16,  -36, 
			 -23,  -11,  -10,   -9,   -6,    1,   11,    2, 
			 -18,  -12,    2,   -2,    7,    8,   14,    4, 
			 -23,   -5,    2,   11,   12,   15,   10,    0, 
			 -33,   -9,    5,   20,   21,   21,    7,   -1, 
			 -28,   -9,   12,   20,   22,   17,    5,   -6, 
			 -31,   -8,    4,   16,   14,    9,   -6,  -19, 
			 -30,  -29,  -18,  -12,  -33,  -14,  -36,  -52, 
		},
		{
			 715,  720,  705,  711,  697,  697,  704,  729, 
			 712,  712,  729,  763,  747,  732,  731,  638, 
			 692,  709,  730,  720,  750,  706,  683,  686, 
			 701,  725,  717,  739,  755,  752,  739,  720, 
			 705,  711,  718,  739,  730,  723,  720,  704, 
			 683,  675,  722,  709,  725,  715,  718,  697, 
			 699,  695,  697,  709,  710,  673,  668,  672, 
			 686,  686,  689,  666,  697,  685,  691,  665, 
		},
		{
			 387,  383,  382,  377,  370,  362,  372,  381, 
			 386,  396,  388,  377,  378,  374,  367,  366, 
			 384,  384,  383,  378,  370,  368,  366,  364, 
			 386,  382,  384,  377,  380,  376,  367,  368, 
			 381,  385,  388,  387,  383,  380,  369,  369, 
			 376,  380,  376,  378,  378,  375,  364,  365, 
			 380,  377,  381,  381,  379,  383,  373,  383, 
			 377,  383,  382,  385,  379,  380,  387,  364, 
		},
		{
			 205,  197,  196,  213,  217,  207,  194,  210, 
			 204,  208,  214,  204,  209,  196,  206,  179, 
			 216,  215,  211,  222,  206,  216,  205,  195, 
			 221,  224,  221,  222,  220,  213,  215,  202, 
			 206,  215,  225,  218,  219,  224,  205,  205, 
			 199,  212,  219,  223,  230,  213,  205,  195, 
			 204,  195,  201,  217,  218,  207,  203,  191, 
			 191,  202,  196,  209,  208,  201,  192,  196, 
		},
		{
			 194,  163,  183,  188,  172,  180,  179,  124, 
			 181,  191,  179,  192,  173,  170,  173,  158, 
			 182,  190,  210,  207,  184,  188,  174,  180, 
			 188,  210,  215,  221,  219,  212,  211,  182, 
			 193,  201,  218,  217,  223,  207,  193,  194, 
			 181,  201,  198,  216,  212,  198,  192,  177, 
			 180,  184,  190,  199,  202,  194,  184,  180, 
			 159,  174,  190,  194,  188,  193,  173,  174, 
		},
		{
			   0,    0,    0,    0,    0,    0,    0,    0, 
			 219,  219,  203,  175,  165,  176,  209,  209, 
			 156,  156,  143,  129,  117,  111,  136,  143, 
			 100,   92,   82,   74,   69,   77,   89,   92, 
			  82,   78,   66,   64,   68,   70,   79,   79, 
			  75,   77,   65,   75,   73,   76,   77,   75, 
			  83,   80,   81,   83,   82,   81,   78,   75, 
			   0,    0,    0,    0,    0,    0,    0,    0, 
		},
	},
}
Iteration: 9
Error: 0.065375
{
	{
		{
			  98,   54,   78,   60,   86,   74,   41,   40, 
			  36,   86,   52,   42,   37,   88,    6,  -19, 
			  28,  116,   17,   46,   -4,   52,   48,  -11, 
			  -2,    2,   27,  -16,  -29,  -20,   -4,  -33, 
			  21,    8,   -4,  -65,  -56,  -62,  -32,  -67, 
			  -4,    8,  -56,  -65,  -69,  -51,  -21,  -34, 
			  22,  -16,  -27,  -67,  -52,  -29,    9,    8, 
			 -41,   15,   -3,  -52,    0,  -31,   23,   18, 
		},
		{
			 817,  840,  880,  896,  914,  922,  854,  838, 
			 829,  826,  833,  816,  831,  928,  881,  963, 
			 833,  841,  857,  872,  886,  921,  947,  907, 
			 828,  838,  845,  848,  850,  859,  847,  865, 
			 839,  848,  845,  849,  856,  851,  860,  849, 
			 842,  859,  850,  854,  849,  859,  860,  849, 
			 839,  860,  858,  856,  858,  870,  871,  859, 
			 855,  841,  848,  861,  845,  834,  817,  847, 
		},
		{
			 446,  452,  459,  465,  486,  502,  456,  425, 
			 412,  404,  436,  464,  437,  470,  481,  456, 
			 412,  416,  418,  438,  451,  460,  472,  454, 
			 387,  401,  419,  429,  412,  426,  438,  429, 
			 387,  384,  385,  399,  403,  396,  413,  393, 
			 381,  389,  402,  405,  406,  397,  416,  403, 
			 375,  395,  394,  398,  398,  398,  411,  357, 
			 393,  397,  409,  413,  412,  402,  377,  391, 
		},
		{
			 294,  281,  306,  271,  226,  288,  321,  273, 
			 287,  325,  306,  314,  331,  367,  332,  347, 
			 301,  320,  356,  331,  369,  360,  363,  352, 
			 292,  313,  329,  339,  339,  324,  322,  317, 
			 307,  322,  323,  340,  341,  325,  326,  296, 
			 333,  330,  329,  324,  326,  333,  324,  330, 
			 307,  337,  324,  319,  320,  336,  346,  323, 
			 321,  303,  313,  308,  300,  303,  314,  309, 
		},
		{
			 101,  237,  255,  242,  314,  202,  186,  199, 
			 231,  264,  344,  308,  352,  351,  303,  297, 
			 282,  305,  311,  339,  362,  385,  347,  294, 
			 299,  300,  299,  328,  307,  326,  293,  312, 
			 281,  289,  301,  301,  306,  308,  297,  274, 
			 275,  286,  303,  297,  307,  300,  306,  274, 
			 272,  267,  287,  292,  291,  299,  288,  283, 
			 244,  274,  250,  268,  267,  278,  271,  227, 
		},
		{
			   0,    0,    0,    0,    0,    0,    0,    0, 
			  77,   81,   72,   96,  114,  108,   63,   35, 
			  41,   52,   72,   67,   80,  104,   62,   36, 
			  54,   68,   62,   70,   78,   65,   56,   30, 
			  41,   64,   60,   74,   69,   56,   52,   20, 
			  47,   62,   65,   58,   69,   47,   77,   44, 
			  44,   70,   54,   50,   58,   76,   90,   45, 
			   0,    0,    0,    0,    0,    0,    0,    0, 
		},
	},
	{
		{
			 -61,  -30,  -32,  -25,  -25,  -19,  -15,  -36, 
			 -23,  -11,  -10,   -9,   -6,    1,   11,    2, 
			 -18,  -12,    2,   -2,    7,    8,   14,    3, 
			 -23,   -5,    2,   11,   12,   15,   10,    0, 
			 -33,   -9,    5,   20,   21,   21,    7,   -1, 
			 -28,   -9,   12,   20,   22,   17,    5,   -6, 
			 -31,   -8,    4,   16,   14,    9,   -6,  -19, 
			 -30,  -29,  -18,  -12,  -33,  -14,  -36,  -52, 
		},
		{
			 715,  720,  705,  711,  697,  697,  704,  729, 
			 712,  712,  729,  763,  747,  732,  731,  638, 
			 692,  709,  730,  720,  750,  706,  683,  686, 
			 701,  725,  717,  739,  755,  752,  739,  720, 
			 705,  711,  718,  739,  730,  723,  720,  704, 
			 683,  675,  722,  709,  725,  715,  718,  697, 
			 699,  695,  697,  709,  710,  673,  668,  672, 
			 686,  686,  689,  666,  697,  685,  691,  665, 
		},
		{
			 387,  383,  382,  377,  370,  362,  372,  381, 
			 386,  396,  388,  377,  378,  374,  367,  366, 
			 384,  384,  383,  378,  370,  368,  366,  364, 
			 386,  382,  384,  377,  380,  376,  367,  368, 
			 381,  385,  388,  387,  383,  380,  369,  369, 
			 376,  380,  376,  378,  378,  375,  364,  365, 
			 380,  377,  381,  381,  379,  383,  373,  383, 
			 377,  383,  382,  385,  379,  380,  387,  364, 
		},
		{
			 205,  197,  196,  213,  215,  208,  194,  209, 
			 204,  208,  214,  204,  209,  196,  206,  179, 
			 216,  215,  211,  222,  206,  216,  205,  195, 
			 221,  224,  221,  222,  220,  213,  215,  202, 
			 206,  215,  225,  218,  219,  224,  205,  205, 
			 199,  212,  219,  223,  230,  213,  205,  195, 
			 204,  195,  201,  217,  218,  207,  203,  191, 
			 191,  202,  196,  209,  208,  201,  192,  196, 
		},
		{
			 194,  163,  183,  188,  172,  180,  179,  124, 
			 181,  191,  179,  192,  173,  170,  173,  158, 
			 182,  190,  210,  207,  184,  188,  174,  180, 
			 188,  210,  215,  221,  219,  212,  211,  182, 
			 193,  201,  218,  217,  223,  207,  193,  194, 
			 181,  201,  198,  216,  212,  198,  192,  177, 
			 175,  184,  190,  199,  202,  194,  184,  180, 
			 159,  174,  190,  194,  188,  193,  173,  174, 
		},
		{
			   0,    0,    0,    0,    0,    0,    0,    0, 
			 219,  219,  203,  175,  165,  176,  209,  209, 
			 156,  156,  143,  129,  117,  111,  136,  143, 
			 100,   92,   82,   74,   69,   77,   89,   92, 
			  82,   78,   66,   64,   68,   70,   79,   79, 
			  75,   77,   65,   75,   73,   76,   77,   75, 
			  83,   80,   81,   83,   82,   81,   78,   75, 
			   0,    0,    0,    0,    0,    0,    0,    0, 
		},
	},
}
Iteration: 10
Error: 0.0653749
{
	{
		{
			  99,   54,   79,   55,   86,   74,   41,   40, 
			  36,   86,   52,   42,   37,   88,    6,  -19, 
			  28,  116,   17,   46,   -4,   52,   48,  -11, 
			  -2,    2,   27,  -16,  -29,  -20,   -4,  -32, 
			  21,    8,   -4,  -65,  -56,  -62,  -32,  -67, 
			  -4,    9,  -56,  -65,  -69,  -51,  -21,  -34, 
			  22,  -16,  -27,  -67,  -52,  -29,    9,    8, 
			 -41,   15,   -3,  -52,    0,  -31,   23,   18, 
		},
		{
			 817,  840,  880,  896,  914,  922,  854,  838, 
			 829,  826,  833,  816,  831,  928,  881,  963, 
			 833,  841,  857,  872,  886,  921,  947,  907, 
			 828,  838,  845,  848,  850,  859,  847,  865, 
			 839,  848,  845,  849,  856,  851,  860,  849, 
			 842,  859,  850,  854,  849,  859,  860,  849, 
			 839,  860,  858,  856,  858,  870,  871,  859, 
			 855,  841,  848,  861,  845,  834,  817,  847, 
		},
		{
			 446,  452,  459,  465,  486,  502,  456,  425, 
			 412,  404,  436,  464,  437,  470,  481,  456, 
			 412,  416,  418,  438,  451,  460,  472,  454, 
			 387,  401,  419,  429,  412,  426,  438,  429, 
			 387,  384,  385,  399,  403,  396,  413,  393, 
			 381,  389,  402,  405,  406,  397,  416,  403, 
			 375,  395,  394,  398,  398,  398,  411,  357, 
			 393,  397,  409,  413,  412,  402,  377,  391, 
		},
		{
			 294,  281,  306,  271,  226,  288,  321,  273, 
			 287,  325,  306,  314,  331,  367,  332,  347, 
			 301,  320,  356,  331,  369,  360,  363,  352, 
			 292,  313,  329,  339,  339,  324,  322,  317, 
			 307,  322,  323,  340,  341,  325,  326,  296, 
			 333,  330,  329,  324,  326,  333,  324,  330, 
			 307,  337,  324,  319,  320,  336,  346,  323, 
			 321,  303,  313,  308,  300,  303,  314,  309, 
		},
		{
			 101,  237,  255,  242,  314,  202,  186,  199, 
			 231,  264,  344,  307,  352,  351,  303,  297, 
			 282,  305,  311,  339,  362,  385,  347,  294, 
			 299,  300,  299,  328,  307,  326,  293,  312, 
			 281,  289,  301,  301,  306,  308,  297,  274, 
			 275,  286,  303,  297,  307,  300,  306,  274, 
			 272,  267,  287,  292,  291,  299,  289,  283, 
			 244,  274,  250,  268,  267,  278,  271,  227, 
		},
		{
			   0,    0,    0,    0,    0,    0,    0,    0, 
			  77,   81,   72,   96,  114,  108,   63,   35, 
			  41,   52,   72,   67,   80,  104,   62,   36, 
			  54,   68,   62,   70,   78,   65,   56,   30, 
			  41,   64,   60,   74,   69,   56,   52,   20, 
			  47,   62,   65,   58,   69,   47,   77,   44, 
			  44,   70,   54,   50,   58,   76,   90,   45, 
			   0,    0,    0,    0,    0,    0,    0,    0, 
		},
	},
	{
		{
			 -61,  -30,  -32,  -24,  -25,  -19,  -16,  -36, 
			 -23,  -11,  -10,   -9,   -6,    1,   11,    2, 
			 -18,  -12,    2,   -2,    7,    8,   14,    3, 
			 -23,   -5,    2,   11,   12,   15,   10,    0, 
			 -33,   -9,    5,   20,   21,   21,    7,   -1, 
			 -28,   -9,   12,   20,   22,   17,    5,   -6, 
			 -31,   -8,    4,   16,   14,    9,   -6,  -19, 
			 -30,  -29,  -18,  -12,  -33,  -14,  -36,  -52, 
		},
		{
			 715,  720,  705,  711,  697,  697,  704,  729, 
			 712,  712,  729,  763,  747,  732,  731,  638, 
			 692,  709,  730,  720,  750,  706,  683,  686, 
			 701,  725,  717,  739,  755,  752,  739,  720, 
			 705,  711,  718,  739,  730,  723,  720,  704, 
			 683,  675,  722,  709,  725,  715,  718,  697, 
			 699,  695,  697,  709,  710,  673,  668,  672, 
			 686,  686,  689,  666,  698,  685,  692,  665, 
		},
		{
			 387,  383,  382,  377,  370,  362,  372,  381, 
			 386,  396,  388,  377,  378,  374,  367,  366, 
			 384,  384,  383,  378,  370,  368,  366,  364, 
			 386,  382,  384,  377,  380,  376,  367,  368, 
			 381,  385,  388,  387,  383,  380,  369,  369, 
			 376,  380,  376,  378,  378,  375,  364,  365, 
			 380,  377,  381,  381,  379,  383,  373,  383, 
			 377,  383,  382,  385,  379,  380,  387,  364, 
		},
		{
			 205,  197,  196,  213,  215,  208,  194,  209, 
			 204,  208,  214,  204,  209,  196,  206,  179, 
			 216,  215,  211,  222,  206,  216,  205,  195, 
			 221,  224,  221,  222,  220,  213,  215,  202, 
			 206,  215,  225,  218,  219,  224,  205,  205, 
			 199,  212,  219,  223,  230,  213,  205,  195, 
			 204,  195,  201,  217,  218,  207,  203,  191, 
			 191,  202,  196,  209,  208,  201,  192,  196, 
		},
		{
			 194,  163,  183,  188,  172,  180,  179,  124, 
			 181,  191,  179,  191,  173,  170,  173,  158, 
			 182,  190,  210,  207,  184,  188,  174,  180, 
			 188,  210,  215,  221,  219,  212,  211,  182, 
			 193,  201,  218,  217,  223,  207,  193,  194, 
			 181,  201,  198,  216,  212,  198,  192,  177, 
			 175,  184,  190,  199,  202,  194,  184,  175, 
			 159,  174,  190,  194,  188,  193,  173,  174, 
		},
		{
			   0,    0,    0,    0,    0,    0,    0,    0, 
			 219,  219,  203,  175,  165,  176,  209,  209, 
			 156,  156,  143,  129,  117,  111,  136,  143, 
			 100,   92,   82,   74,   69,   77,   89,   92, 
			  82,   78,   66,   64,   68,   70,   79,   79, 
			  75,   77,   65,   75,   73,   76,   77,   75, 
			  83,   80,   81,   83,   82,   81,   78,   75, 
			   0,    0,    0,    0,    0,    0,    0,    0, 
		},
	},
}
Iteration: 11
Error: 0.0653749
{
	{
		{
			  99,   54,   79,   55,   76,   74,   40,   40, 
			  36,   86,   52,   42,   37,   88,    6,  -19, 
			  28,  116,   17,   46,   -4,   52,   48,  -11, 
			  -2,    2,   27,  -16,  -29,  -20,   -4,  -32, 
			  21,    8,   -4,  -65,  -56,  -62,  -32,  -67, 
			  -4,    9,  -56,  -65,  -69,  -51,  -21,  -34, 
			  22,  -16,  -27,  -67,  -52,  -29,    9,    8, 
			 -41,   15,   -3,  -52,    0,  -31,   23,   18, 
		},
		{
			 817,  840,  880,  896,  914,  922,  854,  838, 
			 829,  826,  833,  816,  831,  928,  881,  963, 
			 833,  841,  857,  872,  886,  921,  947,  907, 
			 828,  838,  845,  848,  850,  859,  847,  865, 
			 839,  848,  845,  849,  856,  851,  860,  849, 
			 842,  859,  850,  854,  849,  859,  860,  849, 
			 839,  860,  858,  856,  858,  870,  871,  860, 
			 855,  841,  848,  861,  845,  834,  817,  847, 
		},
		{
			 446,  452,  459,  465,  486,  502,  456,  425, 
			 412,  404,  436,  464,  437,  470,  481,  456, 
			 412,  416,  418,  438,  451,  460,  472,  454, 
			 387,  401,  419,  429,  412,  426,  438,  429, 
			 387,  384,  385,  399,  403,  396,  413,  393, 
			 381,  389,  402,  405,  406,  397,  416,  403, 
			 375,  395,  394,  398,  398,  398,  411,  357, 
			 393,  397,  409,  413,  412,  402,  377,  391, 
		},
		{
			 294,  281,  306,  271,  226,  288,  321,  273, 
			 287,  325,  306,  314,  331,  367,  332,  347, 
			 301,  320,  356,  331,  369,  360,  363,  352, 
			 292,  313,  329,  339,  339,  324,  322,  317, 
			 307,  322,  323,  340,  341,  325,  326,  296, 
			 333,  330,  329,  324,  326,  333,  324,  330, 
			 307,  337,  324,  319,  320,  336,  346,  323, 
			 321,  303,  313,  308,  300,  303,  314,  309, 
		},
		{
			 101,  237,  255,  242,  314,  202,  186,  199, 
			 231,  264,  344,  307,  352,  351,  303,  297, 
			 282,  305,  311,  339,  362,  385,  347,  294, 
			 299,  300,  299,  328,  307,  326,  293,  312, 
			 281,  289,  301,  301,  306,  308,  297,  274, 
			 275,  286,  303,  297,  307,  300,  306,  274, 
			 272,  267,  287,  292,  291,  299,  289,  283, 
			 244,  274,  250,  268,  267,  278,  271,  227, 
		},
		{
			   0,    0,    0,    0,    0,    0,    0,    0, 
			  77,   81,   72,   96,  114,  108,   63,   35, 
			  41,   52,   72,   67,   80,  104,   62,   36, 
			  54,   68,   62,   70,   78,   65,   56,   30, 
			  41,   64,   60,   74,   69,   56,   52,   20, 
			  47,   62,   65,   58,   69,   47,   77,   44, 
			  44,   70,   54,   50,   58,   76,   90,   45, 
			   0,    0,    0,    0,    0,    0,    0,    0, 
		},
	},
	{
		{
			 -61,  -30,  -32,  -24,  -25,  -19,  -16,  -36, 
			 -23,  -11,  -10,   -9,   -6,    1,   11,    2, 
			 -18,  -12,    2,   -2,    7,    8,   14,    4, 
			 -23,   -5,    2,   11,   12,   15,   10,    0, 
			 -33,   -9,    5,   20,   21,   21,    7,   -1, 
			 -28,   -9,   12,   20,   22,   17,    5,   -6, 
			 -31,   -8,    4,   16,   14,    9,   -6,  -19, 
			 -30,  -29,  -18,  -12,  -33,  -14,  -36,  -52, 
		},
		{
			 715,  720,  705,  711,  697,  697,  704,  729, 
			 712,  712,  729,  763,  747,  732,  731,  638, 
			 692,  709,  730,  720,  750,  706,  683,  681, 
			 701,  725,  717,  739,  755,  752,  739,  720, 
			 705,  711,  718,  739,  730,  723,  720,  704, 
			 683,  675,  722,  709,  725,  715,  718,  697, 
			 699,  695,  697,  709,  710,  673,  668,  673, 
			 686,  686,  689,  666,  698,  685,  692,  665, 
		},
		{
			 387,  383,  382,  377,  370,  362,  372,  381, 
			 386,  396,  388,  377,  378,  374,  367,  366, 
			 384,  384,  383,  378,  370,  368,  366,  364, 
			 386,  382,  384,  377,  380,  376,  367,  368, 
			 381,  385,  388,  387,  383,  380,  369,  369, 
			 376,  380,  376,  378,  378,  375,  364,  365, 
			 380,  377,  381,  381,  379,  383,  373,  383, 
			 377,  383,  382,  385,  379,  380,  387,  364, 
		},
		{
			 205,  197,  196,  213,  215,  208,  194,  209, 
			 204,  208,  214,  204,  209,  196,  206,  179, 
			 216,  215,  211,  222,  206,  216,  205,  195, 
			 221,  224,  221,  222,  220,  213,  215,  202, 
			 206,  215,  225,  218,  219,  224,  205,  205, 
			 199,  212,  219,  223,  230,  213,  205,  195, 
			 204,  195,  201,  217,  218,  207,  203,  191, 
			 191,  202,  196,  209,  208,  201,  192,  196, 
		},
		{
			 194,  162,  183,  188,  171,  180,  179,  124, 
			 181,  191,  179,  191,  173,  170,  173,  158, 
			 182,  190,  210,  207,  184,  188,  174,  180, 
			 188,  210,  215,  221,  219,  212,  211,  182, 
			 193,  201,  218,  217,  223,  207,  193,  194, 
			 181,  201,  198,  216,  212,  198,  192,  177, 
			 175,  184,  190,  199,  202,  194,  184,  175, 
			 159,  174,  190,  194,  188,  193,  173,  174, 
		},
		{
			   0,    0,    0,    0,    0,    0,    0,    0, 
			 219,  219,  203,  175,  165,  176,  209,  209, 
			 156,  156,  143,  129,  117,  111,  136,  143, 
			 100,   92,   82,   74,   69,   77,   89,   92, 
			  82,   78,   66,   64,   68,   70,   79,   79, 
			  75,   77,   65,   75,   73,   76,   77,   75, 
			  83,   80,   81,   83,   82,   81,   78,   75, 
			   0,    0,    0,    0,    0,    0,    0,    0, 
		},
	},
}
Iteration: 12
Error: 0.0653749
{
	{
		{
			  99,   54,   79,   56,   76,   74,   40,   40, 
			  36,   92,   52,   42,   37,   88,    6,  -19, 
			  28,  116,   17,   46,   -4,   52,   48,  -11, 
			  -2,    2,   27,  -16,  -29,  -20,   -4,  -32, 
			  21,    8,   -4,  -65,  -56,  -62,  -32,  -67, 
			  -4,    9,  -56,  -65,  -69,  -51,  -21,  -34, 
			  22,  -16,  -27,  -67,  -52,  -29,    9,    8, 
			 -41,   15,   -3,  -52,    0,  -31,   23,   18, 
		},
		{
			 817,  840,  880,  896,  914,  917,  854,  838, 
			 829,  826,  833,  816,  831,  928,  881,  963, 
			 833,  841,  857,  872,  886,  921,  947,  907, 
			 828,  838,  845,  848,  850,  859,  847,  865, 
			 839,  848,  845,  849,  856,  851,  860,  849, 
			 842,  859,  850,  854,  849,  859,  860,  849, 
			 839,  860,  858,  856,  858,  870,  871,  861, 
			 855,  841,  848,  861,  845,  834,  817,  847, 
		},
		{
			 446,  452,  459,  465,  486,  502,  456,  425, 
			 412,  404,  436,  464,  437,  470,  481,  456, 
			 412,  416,  418,  438,  451,  460,  472,  454, 
			 387,  401,  419,  429,  412,  426,  438,  429, 
			 387,  384,  385,  399,  403,  396,  413,  393, 
			 381,  389,  402,  405,  406,  397,  416,  403, 
			 375,  395,  394,  398,  398,  398,  411,  357, 
			 393,  397,  409,  413,  412,  402,  377,  391, 
		},
		{
			 294,  281,  306,  271,  226,  288,  321,  273, 
			 287,  325,  306,  314,  331,  367,  332,  347, 
			 301,  320,  356,  331,  369,  360,  363,  352, 
			 292,  313,  329,  339,  339,  324,  322,  317, 
			 307,  322,  323,  340,  341,  325,  326,  296, 
			 333,  330,  329,  324,  326,  333,  324,  330, 
			 307,  337,  324,  319,  320,  336,  346,  323, 
			 321,  303,  313,  308,  300,  303,  314,  309, 
		},
		{
			 101,  237,  255,  242,  314,  202,  186,  199, 
			 231,  264,  344,  307,  352,  351,  303,  297, 
			 282,  305,  311,  339,  362,  385,  347,  294, 
			 299,  300,  299,  328,  307,  326,  293,  312, 
			 281,  289,  301,  301,  306,  308,  297,  274, 
			 275,  286,  303,  297,  307,  300,  306,  274, 
			 272,  267,  287,  292,  291,  299,  289,  283, 
			 244,  274,  250,  268,  267,  278,  271,  227, 
		},
		{
			   0,    0,    0,    0,    0,    0,    0,    0, 
			  77,   81,   72,   96,  114,  108,   63,   35, 
			  41,   52,   72,   67,   80,  104,   62,   36, 
			  54,   68,   62,   70,   78,   65,   56,   30, 
			  41,   64,   60,   74,   69,   56,   52,   20, 
			  47,   62,   65,   58,   69,   47,   77,   44, 
			  44,   70,   54,   50,   58,   76,   90,   45, 
			   0,    0,    0,    0,    0,    0,    0,    0, 
		},
	},
	{
		{
			 -61,  -29,  -32,  -24,  -25,  -19,  -16,  -36, 
			 -23,  -12,  -10,   -9,   -6,    1,   11,    2, 
			 -18,  -12,    2,   -2,    7,    8,   14,    4, 
			 -23,   -5,    2,   11,   12,   15,   10,    0, 
			 -33,   -9,    5,   20,   21,   21,    7,   -1, 
			 -28,   -9,   12,   20,   22,   17,    5,   -6, 
			 -31,   -8,    4,   16,   14,    9,   -6,  -19, 
			 -30,  -29,  -18,  -12,  -33,  -14,  -36,  -52, 
		},
		{
			 715,  720,  705,  711,  697,  697,  704,  729, 
			 712,  712,  729,  763,  747,  732,  731,  638, 
			 692,  709,  730,  720,  750,  706,  683,  681, 
			 701,  725,  717,  739,  755,  752,  739,  720, 
			 705,  711,  718,  739,  730,  723,  720,  704, 
			 683,  675,  722,  709,  725,  715,  718,  697, 
			 699,  695,  697,  709,  710,  673,  668,  673, 
			 686,  686,  689,  666,  698,  685,  692,  665, 
		},
		{
			 387,  383,  382,  377,  370,  362,  372,  381, 
			 386,  396,  388,  377,  378,  374,  367,  366, 
			 384,  384,  383,  378,  370,  368,  366,  364, 
			 386,  382,  384,  377,  380,  376,  367,  368, 
			 381,  385,  388,  387,  383,  380,  369,  369, 
			 376,  380,  376,  378,  378,  375,  364,  365, 
			 380,  377,  381,  381,  379,  383,  373,  383, 
			 377,  383,  382,  385,  379,  380,  387,  364, 
		},
		{
			 205,  197,  196,  213,  215,  208,  194,  209, 
			 204,  208,  214,  204,  209,  196,  206,  179, 
			 216,  215,  211,  222,  206,  216,  205,  195, 
			 221,  224,  221,  222,  220,  213,  215,  202, 
			 206,  215,  225,  218,  219,  224,  205,  205, 
			 199,  212,  219,  223,  230,  213,  205,  195, 
			 204,  195,  201,  217,  218,  207,  203,  191, 
			 191,  202,  196,  209,  208,  201,  192,  196, 
		},
		{
			 194,  162,  183,  188,  171,  180,  179,  124, 
			 181,  191,  179,  191,  173,  170,  173,  158, 
			 182,  190,  210,  207,  184,  188,  174,  180, 
			 188,  210,  215,  221,  219,  212,  211,  182, 
			 193,  201,  218,  217,  223,  207,  193,  194, 
			 181,  201,  198,  216,  212,  198,  192,  177, 
			 175,  184,  190,  199,  202,  194,  184,  175, 
			 159,  174,  190,  194,  188,  193,  173,  174, 
		},
		{
			   0,    0,    0,    0,    0,    0,    0,    0, 
			 219,  219,  203,  175,  165,  176,  209,  209, 
			 156,  156,  143,  129,  117,  111,  136,  143, 
			 100,   92,   82,   74,   69,   77,   89,   92, 
			  82,   78,   66,   64,   68,   70,   79,   79, 
			  75,   77,   65,   75,   73,   76,   77,   75, 
			  83,   80,   81,   83,   82,   81,   78,   75, 
			   0,    0,    0,    0,    0,    0,    0,    0, 
		},
	},
}
Iteration: 13
Error: 0.0653748
{
	{
		{
			  99,   55,   79,   55,   76,   74,   40,   45, 
			  34,   92,   52,   42,   37,   88,    6,  -19, 
			  29,  116,   17,   46,   -3,   52,   48,  -11, 
			  -2,    2,   27,  -16,  -29,  -20,   -4,  -32, 
			  21,    8,   -4,  -65,  -56,  -62,  -32,  -68, 
			  -4,    9,  -56,  -65,  -69,  -51,  -21,  -34, 
			  22,  -16,  -27,  -67,  -52,  -29,    9,    8, 
			 -41,   15,   -3,  -52,    0,  -31,   23,   18, 
		},
		{
			 817,  840,  880,  896,  914,  917,  854,  838, 
			 829,  826,  833,  816,  831,  928,  881,  963, 
			 833,  840,  857,  872,  886,  921,  947,  907, 
			 829,  838,  845,  848,  850,  859,  847,  865, 
			 839,  848,  845,  849,  856,  851,  860,  849, 
			 842,  859,  850,  854,  849,  859,  860,  849, 
			 839,  860,  858,  856,  858,  870,  871,  861, 
			 855,  841,  848,  861,  845,  834,  817,  847, 
		},
		{
			 446,  452,  459,  465,  486,  502,  456,  425, 
			 412,  404,  436,  464,  437,  470,  481,  456, 
			 412,  416,  418,  438,  451,  460,  472,  454, 
			 387,  401,  419,  429,  412,  426,  438,  429, 
			 387,  384,  385,  399,  403,  396,  413,  393, 
			 381,  389,  402,  405,  406,  397,  416,  403, 
			 375,  395,  394,  398,  398,  398,  411,  357, 
			 393,  397,  409,  413,  412,  402,  377,  391, 
		},
		{
			 294,  281,  306,  271,  226,  288,  321,  273, 
			 287,  325,  306,  314,  331,  367,  332,  347, 
			 301,  320,  356,  331,  369,  360,  363,  352, 
			 292,  313,  329,  339,  339,  324,  322,  317, 
			 307,  322,  323,  340,  341,  325,  326,  296, 
			 333,  330,  329,  324,  326,  333,  324,  330, 
			 307,  337,  324,  319,  320,  336,  346,  323, 
			 321,  303,  313,  308,  300,  303,  314,  309, 
		},
		{
			 101,  237,  255,  242,  313,  202,  186,  199, 
			 231,  264,  344,  307,  352,  351,  303,  297, 
			 282,  305,  311,  339,  362,  385,  347,  294, 
			 299,  300,  299,  328,  307,  326,  293,  312, 
			 281,  289,  301,  301,  306,  308,  297,  274, 
			 275,  286,  303,  297,  307,  300,  306,  274, 
			 272,  267,  287,  292,  291,  299,  288,  283, 
			 244,  274,  250,  268,  267,  278,  271,  227, 
		},
		{
			   0,    0,    0,    0,    0,    0,    0,    0, 
			  77,   81,   72,   96,  114,  108,   63,   35, 
			  41,   52,   72,   67,   80,  104,   62,   36, 
			  54,   68,   62,   70,   78,   65,   56,   30, 
			  41,   64,   60,   74,   69,   56,   52,   20, 
			  47,   62,   65,   58,   69,   47,   77,   44, 
			  44,   70,   54,   50,   58,   76,   90,   45, 
			   0,    0,    0,    0,    0,    0,    0,    0, 
		},
	},
	{
		{
			 -61,  -29,  -32,  -24,  -25,  -19,  -16,  -36, 
			 -23,  -12,  -10,   -9,   -6,    1,   11,    2, 
			 -18,  -12,    2,   -2,    7,    8,   14,    4, 
			 -23,   -5,    2,   11,   12,   15,   10,    0, 
			 -33,   -9,    5,   20,   21,   21,    7,   -1, 
			 -28,   -9,   12,   20,   22,   17,    5,   -6, 
			 -31,   -8,    4,   16,   14,    9,   -6,  -19, 
			 -30,  -29,  -18,  -12,  -33,  -14,  -36,  -52, 
		},
		{
			 715,  720,  705,  711,  697,  697,  704,  729, 
			 712,  712,  729,  763,  747,  732,  731,  638, 
			 692,  709,  730,  720,  750,  706,  683,  681, 
			 701,  725,  717,  739,  755,  752,  739,  720, 
			 705,  711,  718,  739,  730,  723,  720,  704, 
			 683,  675,  722,  709,  725,  715,  718,  697, 
			 699,  695,  697,  709,  710,  673,  668,  673, 
			 686,  686,  689,  666,  698,  685,  692,  665, 
		},
		{
			 387,  383,  382,  377,  370,  362,  372,  381, 
			 386,  396,  388,  377,  378,  374,  367,  366, 
			 384,  384,  383,  378,  370,  368,  366,  364, 
			 386,  382,  384,  377,  380,  376,  367,  368, 
			 381,  385,  388,  387,  383,  380,  369,  369, 
			 376,  380,  376,  378,  378,  375,  364,  365, 
			 380,  377,  381,  381,  379,  383,  373,  383, 
			 377,  383,  382,  385,  379,  380,  387,  364, 
		},
		{
			 205,  197,  196,  213,  215,  208,  194,  209, 
			 204,  208,  214,  204,  209,  196,  206,  179, 
			 216,  215,  211,  222,  206,  216,  205,  195, 
			 221,  224,  221,  222,  220,  213,  215,  202, 
			 206,  215,  225,  218,  219,  224,  205,  205, 
			 199,  212,  219,  223,  230,  213,  205,  195, 
			 204,  195,  201,  217,  218,  207,  203,  191, 
			 191,  202,  196,  209,  208,  201,  192,  196, 
		},
		{
			 194,  162,  183,  188,  171,  180,  179,  124, 
			 181,  191,  179,  191,  173,  170,  173,  158, 
			 182,  190,  210,  207,  184,  188,  174,  180, 
			 188,  210,  215,  221,  219,  212,  211,  182, 
			 193,  201,  218,  217,  223,  207,  193,  194, 
			 181,  201,  198,  216,  212,  198,  192,  177, 
			 175,  184,  190,  199,  202,  194,  184,  175, 
			 159,  174,  190,  194,  188,  193,  173,  179, 
		},
		{
			   0,    0,    0,    0,    0,    0,    0,    0, 
			 219,  219,  203,  175,  165,  176,  209,  209, 
			 156,  156,  143,  129,  117,  111,  136,  143, 
			 100,   92,   82,   74,   69,   77,   89,   92, 
			  82,   78,   66,   64,   68,   70,   79,   79, 
			  75,   77,   65,   75,   73,   76,   77,   75, 
			  83,   80,   81,   83,   82,   81,   78,   75, 
			   0,    0,    0,    0,    0,    0,    0,    0, 
		},
	},
}
Iteration: 14
Error: 0.0653748
{
	{
		{
			  99,   55,   79,   55,   76,   74,   40,   45, 
			  34,   92,   52,   42,   37,   88,    6,  -19, 
			  29,  116,   17,   46,   -3,   52,   48,  -11, 
			  -2,    2,   27,  -16,  -29,  -20,   -4,  -32, 
			  21,    8,   -4,  -65,  -56,  -62,  -32,  -68, 
			  -4,    9,  -56,  -65,  -69,  -51,  -21,  -34, 
			  22,  -16,  -27,  -67,  -52,  -29,    9,    8, 
			 -41,   15,   -3,  -52,    0,  -31,   23,   18, 
		},
		{
			 817,  840,  880,  896,  914,  917,  854,  838, 
			 829,  826,  833,  816,  831,  928,  881,  963, 
			 833,  840,  857,  872,  886,  921,  947,  907, 
			 829,  838,  845,  848,  850,  859,  847,  865, 
			 839,  848,  845,  849,  856,  851,  860,  849, 
			 842,  859,  850,  854,  849,  859,  860,  849, 
			 839,  860,  858,  856,  858,  870,  871,  861, 
			 855,  841,  848,  861,  845,  834,  817,  847, 
		},
		{
			 446,  452,  459,  465,  486,  502,  456,  425, 
			 412,  404,  436,  464,  437,  470,  481,  456, 
			 412,  416,  418,  438,  451,  460,  472,  454, 
			 387,  401,  419,  429,  412,  426,  438,  429, 
			 387,  384,  385,  399,  403,  396,  413,  393, 
			 381,  389,  402,  405,  406,  397,  416,  403, 
			 375,  395,  394,  398,  398,  398,  411,  357, 
			 393,  397,  409,  413,  412,  402,  377,  391, 
		},
		{
			 294,  281,  306,  271,  226,  288,  321,  273, 
			 287,  325,  306,  314,  331,  367,  332,  347, 
			 301,  320,  356,  331,  369,  360,  363,  352, 
			 292,  313,  329,  339,  339,  324,  322,  317, 
			 307,  322,  323,  340,  341,  325,  326,  296, 
			 333,  330,  329,  324,  326,  333,  324,  330, 
			 307,  337,  324,  319,  320,  336,  346,  323, 
			 321,  303,  313,  308,  300,  303,  314,  309, 
		},
		{
			 101,  237,  255,  242,  313,  202,  186,  199, 
			 231,  264,  344,  307,  352,  351,  303,  297, 
			 282,  305,  311,  339,  362,  385,  347,  294, 
			 299,  300,  299,  328,  307,  326,  293,  312, 
			 281,  289,  301,  301,  306,  308,  297,  274, 
			 275,  286,  303,  297,  307,  300,  306,  274, 
			 272,  267,  287,  292,  291,  299,  288,  283, 
			 244,  274,  250,  268,  267,  278,  271,  227, 
		},
		{
			   0,    0,    0,    0,    0,    0,    0,    0, 
			  77,   81,   72,   96,  114,  108,   63,   35, 
			  41,   52,   72,   67,   80,  104,   62,   36, 
			  54,   68,   62,   70,   78,   65,   56,   30, 
			  41,   64,   60,   74,   69,   56,   52,   20, 
			  47,   62,   65,   58,   69,   47,   77,   44, 
			  44,   70,   54,   50,   58,   76,   90,   45, 
			   0,    0,    0,    0,    0,    0,    0,    0, 
		},
	},
	{
		{
			 -61,  -29,  -32,  -24,  -25,  -19,  -16,  -36, 
			 -23,  -12,  -10,   -9,   -6,    1,   11,    2, 
			 -18,  -12,    2,   -3,    7,    8,   14,    4, 
			 -23,   -5,    2,   11,   12,   15,   10,    0, 
			 -33,   -9,    5,   20,   21,   21,    7,   -1, 
			 -28,   -9,   12,   20,   22,   17,    5,   -6, 
			 -31,   -8,    4,   16,   14,    9,   -6,  -19, 
			 -30,  -29,  -18,  -12,  -33,  -14,  -36,  -52, 
		},
		{
			 715,  720,  705,  711,  697,  697,  704,  729, 
			 712,  712,  729,  763,  747,  732,  731,  638, 
			 692,  709,  730,  720,  750,  706,  683,  681, 
			 701,  725,  717,  739,  755,  752,  739,  720, 
			 705,  711,  718,  739,  730,  723,  720,  704, 
			 683,  675,  722,  709,  725,  715,  718,  697, 
			 699,  695,  697,  709,  710,  673,  668,  673, 
			 686,  686,  689,  666,  698,  685,  692,  665, 
		},
		{
			 387,  383,  382,  377,  370,  362,  372,  381, 
			 386,  396,  388,  377,  378,  374,  367,  366, 
			 384,  384,  383,  378,  370,  368,  366,  364, 
			 386,  382,  384,  377,  380,  376,  367,  368, 
			 381,  385,  388,  387,  383,  380,  369,  369, 
			 376,  380,  376,  378,  378,  375,  364,  365, 
			 380,  377,  381,  381,  379,  383,  373,  383, 
			 377,  383,  382,  385,  379,  380,  387,  364, 
		},
		{
			 205,  197,  196,  213,  215,  208,  194,  209, 
			 204,  208,  214,  204,  209,  196,  206,  179, 
			 216,  215,  211,  222,  206,  216,  205,  195, 
			 221,  224,  221,  222,  220,  213,  215,  202, 
			 206,  215,  225,  218,  219,  224,  205,  205, 
			 199,  212,  219,  223,  230,  213,  205,  195, 
			 204,  195,  201,  217,  218,  207,  203,  191, 
			 191,  202,  196,  209,  208,  201,  192,  196, 
		},
		{
			 194,  162,  183,  188,  171,  180,  179,  124, 
			 181,  191,  179,  191,  173,  170,  173,  158, 
			 182,  190,  210,  207,  184,  188,  174,  180, 
			 188,  210,  215,  221,  219,  212,  211,  182, 
			 193,  201,  218,  217,  223,  207,  193,  194, 
			 181,  201,  198,  216,  212,  198,  192,  177, 
			 175,  184,  190,  199,  202,  194,  184,  177, 
			 159,  174,  190,  194,  188,  193,  173,  179, 
		},
		{
			   0,    0,    0,    0,    0,    0,    0,    0, 
			 219,  219,  203,  175,  165,  176,  209,  209, 
			 156,  156,  143,  129,  117,  111,  136,  143, 
			 100,   92,   82,   74,   69,   77,   89,   92, 
			  82,   78,   66,   64,   68,   70,   79,   79, 
			  75,   77,   65,   75,   73,   76,   77,   75, 
			  83,   80,   81,   83,   82,   81,   78,   75, 
			   0,    0,    0,    0,    0,    0,    0,    0, 
		},
	},
}
Iteration: 15
Error: 0.0653747
{
	{
		{
			  99,   55,   79,   55,   76,   74,   40,   45, 
			  34,   92,   52,   42,   37,   88,   13,  -19, 
			  30,  116,   17,   46,   -3,   52,   48,  -11, 
			  -2,    2,   27,  -16,  -29,  -20,   -4,  -32, 
			  21,    8,   -4,  -65,  -56,  -62,  -32,  -68, 
			  -4,    9,  -56,  -65,  -69,  -51,  -21,  -34, 
			  22,  -16,  -27,  -67,  -52,  -29,    9,    8, 
			 -41,   15,   -3,  -52,    0,  -31,   23,   18, 
		},
		{
			 817,  840,  880,  896,  914,  917,  854,  838, 
			 829,  826,  833,  816,  831,  928,  881,  963, 
			 833,  840,  857,  872,  886,  921,  947,  907, 
			 829,  838,  845,  848,  850,  859,  847,  865, 
			 839,  848,  845,  849,  855,  851,  860,  849, 
			 842,  859,  850,  854,  849,  859,  860,  849, 
			 839,  860,  858,  856,  858,  870,  871,  861, 
			 855,  841,  848,  861,  845,  834,  817,  847, 
		},
		{
			 446,  452,  459,  465,  486,  502,  456,  425, 
			 412,  404,  436,  464,  437,  470,  481,  456, 
			 412,  416,  418,  438,  451,  460,  472,  454, 
			 387,  401,  419,  429,  412,  426,  438,  429, 
			 387,  384,  385,  399,  403,  396,  413,  393, 
			 381,  389,  402,  405,  406,  397,  416,  403, 
			 375,  395,  394,  398,  398,  398,  411,  357, 
			 393,  397,  409,  413,  412,  402,  377,  391, 
		},
		{
			 294,  281,  306,  271,  226,  288,  321,  273, 
			 287,  325,  306,  314,  331,  367,  332,  347, 
			 301,  320,  356,  331,  369,  360,  363,  352, 
			 292,  313,  329,  339,  339,  324,  322,  317, 
			 307,  322,  323,  340,  341,  325,  326,  296, 
			 333,  330,  329,  324,  326,  333,  324,  330, 
			 307,  337,  324,  319,  320,  336,  346,  323, 
			 321,  303,  313,  308,  300,  303,  314,  309, 
		},
		{
			 101,  237,  255,  242,  314,  202,  186,  199, 
			 231,  264,  344,  307,  352,  351,  303,  297, 
			 282,  305,  311,  339,  362,  385,  347,  294, 
			 299,  300,  299,  328,  307,  326,  293,  312, 
			 281,  289,  301,  301,  306,  308,  297,  274, 
			 275,  286,  303,  297,  307,  300,  306,  274, 
			 272,  267,  287,  292,  291,  299,  288,  283, 
			 244,  274,  250,  268,  267,  278,  271,  227, 
		},
		{
			   0,    0,    0,    0,    0,    0,    0,    0, 
			  77,   81,   72,   96,  114,  110,   63,   35, 
			  41,   52,   72,   67,   80,  104,   62,   36, 
			  54,   68,   62,   70,   78,   65,   56,   30, 
			  41,   64,   60,   74,   69,   56,   52,   20, 
			  47,   62,   65,   58,   69,   47,   77,   44, 
			  44,   70,   54,   50,   58,   76,   90,   45, 
			   0,    0,    0,    0,    0,    0,    0,    0, 
		},
	},
	{
		{
			 -61,  -29,  -32,  -24,  -25,  -19,  -16,  -36, 
			 -23,  -12,  -10,   -9,   -6,    1,   11,    2, 
			 -18,  -12,    2,   -3,    7,    8,   14,    4, 
			 -23,   -5,    2,   11,   12,   15,   10,    0, 
			 -33,   -9,    5,   20,   21,   21,    7,   -1, 
			 -28,   -9,   12,   20,   22,   17,    5,   -6, 
			 -31,   -8,    4,   16,   14,    9,   -6,  -19, 
			 -30,  -29,  -18,  -12,  -33,  -14,  -36,  -52, 
		},
		{
			 715,  720,  705,  711,  697,  697,  704,  729, 
			 712,  712,  729,  763,  747,  732,  731,  638, 
			 692,  709,  730,  720,  750,  706,  683,  681, 
			 701,  725,  717,  739,  755,  752,  739,  720, 
			 705,  711,  718,  739,  730,  723,  720,  704, 
			 683,  675,  722,  709,  725,  715,  718,  697, 
			 699,  695,  697,  709,  710,  673,  668,  673, 
			 686,  686,  689,  666,  698,  685,  692,  665, 
		},
		{
			 387,  383,  382,  377,  370,  362,  372,  381, 
			 386,  396,  388,  377,  378,  374,  367,  366, 
			 384,  384,  383,  378,  370,  368,  366,  364, 
			 386,  382,  384,  377,  380,  376,  367,  368, 
			 381,  385,  388,  387,  383,  380,  369,  369, 
			 376,  380,  376,  378,  378,  375,  364,  365, 
			 380,  377,  381,  381,  379,  383,  373,  383, 
			 377,  383,  382,  385,  379,  380,  387,  364, 
		},
		{
			 205,  197,  196,  213,  215,  208,  194,  209, 
			 204,  208,  214,  204,  209,  196,  206,  179, 
			 216,  215,  211,  222,  206,  216,  205,  195, 
			 221,  224,  221,  222,  220,  213,  215,  202, 
			 206,  215,  225,  218,  219,  224,  205,  205, 
			 199,  212,  219,  223,  230,  213,  205,  195, 
			 204,  195,  201,  217,  218,  207,  203,  191, 
			 191,  202,  196,  209,  208,  201,  192,  196, 
		},
		{
			 194,  162,  183,  188,  172,  180,  179,  124, 
			 181,  191,  179,  191,  173,  170,  173,  158, 
			 182,  190,  210,  207,  185,  188,  174,  180, 
			 188,  210,  215,  221,  219,  212,  211,  182, 
			 193,  201,  218,  217,  223,  207,  193,  194, 
			 181,  201,  198,  216,  212,  198,  192,  177, 
			 175,  184,  190,  199,  202,  194,  184,  177, 
			 159,  174,  190,  194,  188,  193,  173,  179, 
		},
		{
			   0,    0,    0,    0,    0,    0,    0,    0, 
			 219,  219,  203,  175,  165,  176,  209,  209, 
			 156,  156,  143,  129,  117,  111,  136,  143, 
			 100,   92,   82,   74,   69,   77,   89,   92, 
			  82,   78,   66,   64,   68,   70,   79,   79, 
			  75,   77,   65,   75,   73,   76,   77,   75, 
			  83,   80,   81,   83,   82,   81,   78,   75, 
			   0,    0,    0,    0,    0,    0,    0,    0, 
		},
	},
}
Iteration: 16
Error: 0.0653747
{
	{
		{
			  99,   55,   79,   55,   76,   74,   35,   39, 
			  34,   92,   52,   42,   37,   88,   13,  -19, 
			  29,  116,   17,   46,   -3,   52,   48,  -12, 
			  -2,    2,   27,  -16,  -29,  -20,   -4,  -32, 
			  21,    8,   -4,  -65,  -56,  -62,  -32,  -68, 
			  -4,    9,  -56,  -65,  -69,  -51,  -21,  -34, 
			  22,  -16,  -27,  -67,  -52,  -29,    9,    8, 
			 -41,   15,   -3,  -52,    0,  -31,   23,   18, 
		},
		{
			 817,  840,  880,  896,  914,  917,  854,  838, 
			 829,  826,  833,  816,  831,  928,  881,  963, 
			 833,  840,  857,  872,  886,  921,  947,  907, 
			 828,  838,  845,  848,  850,  859,  847,  865, 
			 839,  848,  845,  849,  855,  851,  860,  849, 
			 842,  859,  850,  854,  849,  859,  860,  849, 
			 839,  860,  858,  856,  858,  870,  871,  860, 
			 855,  841,  848,  861,  845,  834,  817,  847, 
		},
		{
			 446,  452,  459,  465,  486,  502,  456,  425, 
			 412,  404,  436,  464,  437,  470,  481,  456, 
			 412,  416,  418,  438,  451,  460,  472,  454, 
			 387,  401,  419,  429,  412,  426,  438,  429, 
			 387,  384,  385,  399,  403,  396,  413,  393, 
			 381,  389,  402,  405,  406,  397,  416,  403, 
			 375,  395,  394,  398,  398,  398,  411,  357, 
			 393,  397,  409,  413,  412,  402,  377,  391, 
		},
		{
			 294,  281,  306,  271,  226,  288,  321,  273, 
			 287,  325,  306,  314,  331,  367,  332,  347, 
			 301,  320,  356,  331,  369,  360,  363,  352, 
			 292,  313,  329,  339,  339,  324,  322,  317, 
			 307,  322,  323,  340,  341,  325,  326,  296, 
			 333,  330,  329,  324,  326,  333,  324,  330, 
			 307,  337,  324,  319,  320,  336,  346,  323, 
			 321,  303,  313,  308,  300,  303,  314,  309, 
		},
		{
			 101,  237,  255,  242,  314,  202,  186,  199, 
			 231,  264,  344,  307,  352,  351,  303,  297, 
			 282,  305,  311,  339,  363,  385,  347,  294, 
			 299,  300,  299,  328,  307,  326,  293,  312, 
			 281,  289,  301,  301,  306,  308,  297,  274, 
			 275,  286,  303,  297,  307,  300,  306,  274, 
			 272,  267,  287,  292,  291,  299,  288,  283, 
			 244,  274,  250,  268,  267,  278,  271,  227, 
		},
		{
			   0,    0,    0,    0,    0,    0,    0,    0, 
			  77,   81,   72,   96,  114,  110,   63,   35, 
			  41,   52,   72,   67,   80,  104,   62,   36, 
			  54,   68,   62,   70,   78,   65,   56,   30, 
			  41,   64,   60,   74,   69,   56,   52,   20, 
			  47,   62,   65,   58,   69,   47,   77,   44, 
			  44,   70,   54,   50,   58,   76,   90,   45, 
			   0,    0,    0,    0,    0,    0,    0,    0, 
		},
	},
	{
		{
			 -61,  -29,  -32,  -24,  -25,  -19,  -16,  -37, 
			 -23,  -12,  -10,   -9,   -6,    1,   11,    2, 
			 -18,  -12,    2,   -3,    7,    8,   14,    4, 
			 -23,   -5,    2,   11,   12,   15,   10,    0, 
			 -33,   -9,    5,   20,   21,   21,    7,   -1, 
			 -28,   -9,   12,   20,   22,   17,    5,   -6, 
			 -31,   -8,    4,   16,   14,    9,   -6,  -19, 
			 -30,  -29,  -18,  -12,  -33,  -14,  -36,  -52, 
		},
		{
			 715,  720,  705,  711,  697,  697,  704,  729, 
			 712,  712,  729,  763,  747,  732,  731,  638, 
			 692,  709,  730,  720,  750,  706,  683,  681, 
			 700,  725,  717,  739,  755,  752,  739,  720, 
			 705,  711,  718,  739,  730,  723,  720,  704, 
			 683,  675,  722,  709,  725,  715,  718,  697, 
			 699,  695,  697,  709,  710,  673,  668,  673, 
			 686,  686,  689,  666,  698,  685,  692,  665, 
		},
		{
			 387,  383,  382,  377,  370,  362,  372,  381, 
			 386,  396,  388,  377,  378,  374,  367,  366, 
			 384,  384,  383,  378,  370,  368,  366,  364, 
			 386,  382,  384,  377,  380,  376,  367,  368, 
			 381,  385,  388,  387,  383,  380,  369,  369, 
			 376,  380,  376,  378,  378,  375,  364,  365, 
			 380,  377,  381,  381,  379,  383,  373,  383, 
			 377,  383,  382,  385,  379,  380,  387,  364, 
		},
		{
			 205,  197,  196,  213,  215,  208,  194,  209, 
			 204,  208,  214,  204,  209,  196,  206,  179, 
			 216,  215,  211,  222,  206,  216,  205,  195, 
			 221,  224,  221,  222,  220,  213,  215,  202, 
			 206,  215,  225,  218,  219,  224,  205,  205, 
			 199,  212,  219,  223,  230,  213,  205,  195, 
			 204,  195,  201,  217,  218,  207,  203,  191, 
			 191,  202,  196,  209,  208,  201,  192,  196, 
		},
		{
			 194,  162,  183,  188,  172,  180,  179,  124, 
			 181,  191,  179,  191,  173,  170,  173,  158, 
			 182,  190,  210,  207,  185,  188,  174,  180, 
			 188,  210,  215,  221,  219,  212,  211,  182, 
			 193,  201,  218,  217,  223,  207,  193,  194, 
			 181,  201,  198,  216,  212,  198,  192,  177, 
			 175,  184,  190,  199,  202,  194,  184,  177, 
			 159,  174,  190,  194,  188,  193,  173,  179, 
		},
		{
			   0,    0,    0,    0,    0,    0,    0,    0, 
			 219,  219,  203,  175,  165,  176,  209,  209, 
			 156,  156,  143,  129,  117,  111,  136,  143, 
			 100,   92,   82,   74,   69,   77,   89,   92, 
			  82,   78,   66,   64,   68,   70,   79,   79, 
			  75,   77,   65,   75,   73,   76,   77,   75, 
			  83,   80,   81,   83,   82,   81,   78,   75, 
			   0,    0,    0,    0,    0,    0,    0,    0, 
		},
	},
}
Iteration: 17
Error: 0.0653747
{
	{
		{
			  99,   55,   79,   55,   76,   74,   35,   44, 
			  34,   92,   52,   42,   37,   88,   13,  -19, 
			  29,  116,   17,   45,   -3,   52,   48,  -12, 
			  -2,    2,   27,  -16,  -29,  -20,   -4,  -32, 
			  21,    8,   -4,  -65,  -56,  -62,  -32,  -68, 
			  -4,    9,  -56,  -65,  -69,  -51,  -21,  -34, 
			  22,  -16,  -27,  -67,  -52,  -29,    9,    8, 
			 -41,   15,   -3,  -52,    0,  -31,   23,   18, 
		},
		{
			 817,  840,  880,  896,  914,  917,  854,  838, 
			 829,  826,  833,  816,  831,  928,  881,  963, 
			 833,  840,  857,  872,  886,  921,  947,  907, 
			 828,  838,  845,  848,  850,  859,  847,  865, 
			 839,  848,  845,  849,  855,  851,  860,  849, 
			 842,  859,  850,  854,  849,  859,  860,  849, 
			 839,  860,  858,  856,  858,  870,  871,  860, 
			 855,  841,  848,  861,  845,  834,  817,  847, 
		},
		{
			 446,  452,  459,  465,  486,  502,  456,  425, 
			 412,  404,  436,  464,  437,  470,  481,  456, 
			 412,  416,  418,  438,  451,  460,  472,  454, 
			 387,  401,  419,  429,  412,  426,  438,  429, 
			 387,  384,  385,  399,  403,  396,  413,  393, 
			 381,  389,  402,  405,  406,  397,  416,  403, 
			 375,  395,  394,  398,  398,  398,  411,  357, 
			 393,  397,  409,  413,  412,  402,  377,  391, 
		},
		{
			 294,  281,  306,  271,  226,  288,  321,  273, 
			 287,  325,  306,  314,  331,  367,  332,  347, 
			 301,  320,  356,  331,  369,  360,  363,  352, 
			 292,  313,  329,  339,  339,  324,  322,  317, 
			 307,  322,  323,  340,  341,  325,  326,  296, 
			 333,  330,  329,  324,  326,  333,  324,  330, 
			 307,  337,  324,  319,  320,  336,  346,  323, 
			 321,  303,  313,  308,  300,  303,  314,  309, 
		},
		{
			 101,  237,  255,  242,  314,  202,  186,  199, 
			 231,  264,  344,  307,  352,  351,  303,  297, 
			 282,  305,  311,  339,  363,  385,  347,  294, 
			 299,  300,  299,  328,  307,  326,  293,  312, 
			 281,  289,  301,  301,  306,  308,  297,  274, 
			 275,  286,  303,  297,  307,  300,  306,  274, 
			 272,  267,  287,  292,  291,  299,  288,  283, 
			 244,  274,  250,  268,  267,  278,  271,  227, 
		},
		{
			   0,    0,    0,    0,    0,    0,    0,    0, 
			  77,   81,   72,   96,  114,  110,   63,   35, 
			  41,   52,   72,   67,   80,  104,   62,   36, 
			  54,   68,   62,   70,   78,   65,   56,   30, 
			  41,   64,   60,   74,   69,   56,   52,   20, 
			  47,   62,   65,   58,   69,   47,   77,   44, 
			  44,   70,   54,   50,   58,   76,   90,   45, 
			   0,    0,    0,    0,    0,    0,    0,    0, 
		},
	},
	{
		{
			 -61,  -29,  -32,  -24,  -25,  -19,  -16,  -37, 
			 -23,  -12,  -10,   -9,   -6,    1,   11,    2, 
			 -18,  -12,    2,   -3,    7,    8,   14,    4, 
			 -23,   -5,    2,   11,   12,   15,   10,    0, 
			 -33,   -9,    5,   20,   21,   21,    7,   -1, 
			 -28,   -9,   12,   20,   22,   17,    5,   -6, 
			 -31,   -8,    4,   16,   14,    9,   -6,  -19, 
			 -30,  -29,  -18,  -12,  -33,  -14,  -36,  -52, 
		},
		{
			 715,  720,  705,  711,  697,  697,  704,  729, 
			 712,  712,  729,  763,  747,  732,  731,  638, 
			 692,  709,  730,  720,  750,  706,  683,  681, 
			 700,  725,  717,  739,  755,  752,  739,  720, 
			 705,  711,  718,  739,  730,  723,  720,  704, 
			 683,  675,  722,  709,  725,  715,  718,  697, 
			 699,  695,  697,  709,  710,  673,  668,  673, 
			 686,  686,  689,  666,  698,  685,  692,  665, 
		},
		{
			 387,  383,  382,  377,  370,  362,  372,  381, 
			 386,  396,  388,  377,  378,  374,  367,  366, 
			 384,  384,  383,  378,  370,  368,  366,  364, 
			 386,  382,  384,  377,  380,  376,  367,  368, 
			 381,  385,  388,  387,  383,  380,  369,  369, 
			 376,  380,  376,  378,  378,  375,  364,  365, 
			 380,  377,  381,  381,  379,  383,  373,  383, 
			 377,  383,  382,  385,  379,  380,  387,  364, 
		},
		{
			 205,  197,  196,  213,  215,  208,  194,  209, 
			 204,  208,  214,  204,  209,  196,  206,  179, 
			 216,  215,  211,  222,  206,  216,  205,  195, 
			 221,  224,  221,  222,  220,  213,  215,  202, 
			 206,  215,  225,  218,  219,  224,  205,  205, 
			 199,  212,  219,  223,  230,  213,  205,  195, 
			 204,  195,  201,  217,  218,  207,  203,  191, 
			 191,  202,  196,  209,  208,  201,  192,  196, 
		},
		{
			 194,  162,  183,  188,  172,  180,  179,  124, 
			 181,  191,  179,  191,  173,  170,  173,  158, 
			 182,  190,  210,  207,  185,  188,  174,  180, 
			 188,  210,  215,  221,  219,  212,  211,  182, 
			 193,  201,  218,  217,  223,  207,  193,  194, 
			 181,  201,  198,  216,  212,  198,  192,  177, 
			 175,  184,  190,  199,  202,  194,  184,  177, 
			 159,  174,  190,  194,  188,  193,  173,  179, 
		},
		{
			   0,    0,    0,    0,    0,    0,    0,    0, 
			 219,  219,  203,  175,  165,  176,  209,  209, 
			 156,  156,  143,  129,  117,  111,  136,  143, 
			 100,   92,   82,   74,   69,   77,   89,   92, 
			  82,   78,   66,   64,   68,   70,   79,   79, 
			  75,   77,   65,   75,   73,   76,   77,   75, 
			  83,   80,   81,   83,   82,   81,   78,   75, 
			   0,    0,    0,    0,    0,    0,    0,    0, 
		},
	},
}
Iteration: 18
Error: 0.0653747
{
	{
		{
			  99,   55,   79,   55,   76,   74,   35,   44, 
			  34,   92,   52,   42,   37,   88,   13,  -19, 
			  29,  116,   17,   45,   -3,   52,   48,  -12, 
			  -2,    2,   27,  -16,  -29,  -20,   -4,  -32, 
			  21,    8,   -4,  -65,  -56,  -62,  -32,  -68, 
			  -4,    9,  -56,  -65,  -69,  -51,  -21,  -34, 
			  22,  -16,  -27,  -67,  -52,  -29,    9,    8, 
			 -41,   15,   -3,  -52,    0,  -31,   23,   18, 
		},
		{
			 817,  840,  880,  896,  914,  917,  854,  838, 
			 829,  826,  833,  816,  831,  928,  881,  963, 
			 833,  840,  857,  872,  886,  921,  947,  907, 
			 828,  838,  845,  848,  850,  859,  847,  865, 
			 839,  848,  845,  849,  855,  851,  860,  849, 
			 842,  859,  850,  854,  849,  859,  860,  849, 
			 839,  860,  858,  856,  858,  870,  871,  860, 
			 855,  841,  848,  861,  845,  834,  817,  847, 
		},
		{
			 446,  452,  459,  465,  486,  502,  456,  425, 
			 412,  404,  436,  464,  437,  470,  481,  456, 
			 412,  416,  418,  438,  451,  460,  472,  454, 
			 387,  401,  419,  429,  412,  426,  438,  429, 
			 387,  384,  385,  399,  403,  396,  413,  393, 
			 381,  389,  402,  405,  406,  397,  416,  403, 
			 375,  395,  394,  398,  398,  398,  411,  357, 
			 393,  397,  409,  413,  412,  402,  377,  391, 
		},
		{
			 294,  281,  306,  271,  226,  288,  321,  273, 
			 287,  325,  306,  314,  331,  367,  332,  347, 
			 301,  320,  356,  331,  369,  360,  363,  352, 
			 292,  313,  329,  339,  339,  324,  322,  317, 
			 307,  322,  323,  340,  341,  325,  326,  296, 
			 333,  330,  329,  324,  326,  333,  324,  330, 
			 307,  337,  324,  319,  320,  336,  346,  323, 
			 321,  303,  313,  308,  300,  303,  314,  309, 
		},
		{
			 101,  237,  255,  242,  314,  202,  186,  199, 
			 231,  264,  344,  307,  352,  351,  303,  297, 
			 282,  305,  311,  339,  363,  385,  347,  294, 
			 299,  300,  299,  328,  307,  326,  293,  312, 
			 281,  289,  301,  301,  306,  308,  297,  274, 
			 275,  286,  303,  297,  307,  300,  306,  274, 
			 272,  267,  287,  292,  291,  299,  288,  283, 
			 244,  274,  250,  268,  267,  278,  271,  227, 
		},
		{
			   0,    0,    0,    0,    0,    0,    0,    0, 
			  77,   81,   72,   96,  114,  110,   63,   35, 
			  41,   52,   72,   67,   80,  104,   62,   36, 
			  54,   68,   62,   70,   78,   65,   56,   30, 
			  41,   64,   60,   74,   69,   56,   52,   20, 
			  47,   62,   65,   58,   69,   47,   77,   44, 
			  44,   70,   54,   50,   58,   76,   90,   45, 
			   0,    0,    0,    0,    0,    0,    0,    0, 
		},
	},
	{
		{
			 -61,  -29,  -32,  -24,  -25,  -19,  -16,  -37, 
			 -23,  -12,  -10,   -9,   -6,    1,   11,    2, 
			 -18,  -12,    2,   -3,    7,    8,   14,    4, 
			 -23,   -5,    2,   11,   12,   15,   10,    0, 
			 -33,   -9,    5,   20,   21,   21,    7,   -1, 
			 -28,   -9,   12,   20,   22,   17,    5,   -6, 
			 -31,   -8,    4,   16,   14,    9,   -6,  -19, 
			 -30,  -29,  -18,  -12,  -33,  -14,  -36,  -52, 
		},
		{
			 715,  720,  705,  711,  697,  697,  704,  729, 
			 712,  712,  729,  763,  747,  732,  731,  638, 
			 692,  709,  730,  720,  750,  706,  683,  681, 
			 700,  725,  717,  739,  755,  752,  739,  720, 
			 705,  711,  718,  739,  730,  723,  720,  704, 
			 683,  675,  722,  709,  725,  715,  718,  697, 
			 699,  695,  697,  709,  710,  673,  668,  673, 
			 686,  686,  689,  666,  698,  685,  692,  665, 
		},
		{
			 387,  383,  382,  377,  370,  362,  372,  381, 
			 386,  396,  388,  377,  378,  374,  367,  366, 
			 384,  384,  383,  378,  370,  368,  366,  364, 
			 386,  382,  384,  377,  380,  376,  367,  368, 
			 381,  385,  388,  387,  383,  380,  369,  369, 
			 376,  380,  376,  378,  378,  375,  364,  365, 
			 380,  377,  381,  381,  379,  383,  373,  383, 
			 377,  383,  382,  385,  379,  380,  387,  364, 
		},
		{
			 205,  197,  196,  213,  215,  208,  194,  209, 
			 204,  208,  214,  204,  209,  196,  206,  179, 
			 216,  215,  211,  222,  206,  216,  205,  195, 
			 221,  224,  221,  222,  220,  213,  215,  202, 
			 206,  215,  225,  218,  219,  224,  205,  205, 
			 199,  212,  219,  223,  230,  213,  205,  195, 
			 204,  195,  201,  217,  218,  207,  203,  191, 
			 191,  202,  196,  209,  208,  201,  192,  196, 
		},
		{
			 194,  162,  183,  188,  172,  180,  179,  124, 
			 181,  191,  179,  191,  173,  170,  173,  158, 
			 182,  190,  210,  207,  185,  188,  174,  180, 
			 188,  210,  215,  221,  219,  212,  211,  182, 
			 193,  201,  218,  217,  223,  207,  193,  194, 
			 181,  201,  198,  216,  212,  198,  192,  177, 
			 175,  184,  190,  199,  202,  194,  184,  177, 
			 159,  174,  190,  194,  188,  193,  173,  179, 
		},
		{
			   0,    0,    0,    0,    0,    0,    0,    0, 
			 219,  219,  203,  175,  165,  176,  209,  209, 
			 156,  156,  143,  129,  117,  111,  136,  143, 
			 100,   92,   82,   74,   69,   77,   89,   92, 
			  82,   78,   66,   64,   68,   70,   79,   79, 
			  75,   77,   65,   75,   73,   76,   77,   75, 
			  83,   80,   81,   83,   82,   81,   78,   75, 
			   0,    0,    0,    0,    0,    0,    0,    0, 
		},
	},
}
