Iteration: 1
Error: 0.0642646
{
	{
		{
			 146,   77,   99,   95,  112,  100,   63,   64, 
			  47,  118,   77,   52,   60,  104,    2,  -29, 
			  51,  138,   29,   58,   -4,   73,   83,   -9, 
			  -4,    8,   37,   -6,  -22,  -19,    5,  -41, 
			  48,   37,   14,  -50,  -45,  -69,  -19,  -74, 
			   7,   23,  -61,  -71,  -80,  -56,  -10,  -33, 
			  41,  -13,  -22,  -73,  -58,  -26,   13,   11, 
			 -42,   30,    3,  -60,    6,  -34,   24,   20, 
		},
		{
			 983, 1004, 1051, 1068, 1089, 1100, 1024, 1009, 
			 998,  996,  995,  978,  987, 1118, 1049, 1158, 
			1007, 1009, 1030, 1050, 1061, 1104, 1131, 1084, 
			 995, 1007, 1014, 1016, 1021, 1028, 1012, 1038, 
			1007, 1014, 1013, 1017, 1027, 1018, 1033, 1015, 
			1008, 1030, 1017, 1024, 1019, 1032, 1035, 1020, 
			1006, 1027, 1030, 1027, 1033, 1045, 1048, 1030, 
			1026, 1009, 1017, 1033, 1013, 1000,  973, 1016, 
		},
		{
			 520,  526,  532,  543,  574,  583,  531,  514, 
			 485,  481,  515,  537,  512,  557,  565,  542, 
			 482,  483,  495,  513,  534,  546,  558,  522, 
			 452,  472,  496,  505,  489,  499,  513,  500, 
			 455,  448,  455,  470,  477,  471,  483,  461, 
			 448,  459,  469,  479,  477,  472,  494,  470, 
			 439,  462,  460,  469,  471,  478,  485,  419, 
			 464,  468,  482,  487,  491,  477,  437,  455, 
		},
		{
			 342,  330,  349,  318,  266,  331,  387,  321, 
			 339,  386,  361,  369,  386,  428,  377,  400, 
			 356,  371,  418,  392,  433,  418,  417,  408, 
			 341,  365,  390,  397,  395,  377,  376,  363, 
			 359,  376,  379,  398,  402,  378,  381,  346, 
			 389,  387,  386,  379,  383,  389,  379,  388, 
			 358,  394,  378,  370,  374,  398,  405,  378, 
			 375,  351,  365,  360,  349,  351,  368,  360, 
		},
		{
			 116,  272,  299,  284,  377,  228,  217,  233, 
			 269,  313,  411,  363,  418,  409,  349,  345, 
			 332,  358,  365,  399,  427,  457,  408,  345, 
			 352,  353,  355,  389,  361,  385,  343,  368, 
			 328,  337,  354,  351,  361,  363,  347,  318, 
			 320,  334,  354,  352,  360,  350,  359,  317, 
			 315,  311,  336,  339,  341,  356,  335,  334, 
			 284,  318,  290,  309,  311,  324,  315,  265, 
		},
		{
			  82,   82,   82,   82,   82,   82,   82,   82, 
			 101,  106,   89,  123,  140,  128,   78,   37, 
			  44,   69,   93,   86,  100,  138,   77,   50, 
			  62,   81,   75,   87,   99,   86,   81,   47, 
			  43,   75,   71,   89,   89,   79,   76,   32, 
			  51,   72,   76,   71,   88,   66,  108,   63, 
			  48,   82,   64,   60,   75,  102,  123,   65, 
			  82,   82,   82,   82,   82,   82,   82,   82, 
		},
	},
	{
		{
			 -79,  -32,  -36,  -29,  -28,  -16,  -15,  -44, 
			 -25,   -9,  -10,   -6,   -2,    9,   23,    9, 
			 -22,   -7,    7,    2,   15,   17,   21,   12, 
			 -25,   -2,    7,   17,   20,   26,   19,    7, 
			 -42,  -12,    8,   25,   27,   32,   11,    1, 
			 -33,   -9,   18,   28,   33,   26,    9,   -4, 
			 -37,   -7,    7,   24,   22,   15,    0,  -18, 
			 -36,  -35,  -17,  -10,  -36,  -13,  -30,  -57, 
		},
		{
			 944,  953,  944,  953,  935,  935,  935,  968, 
			 940,  942,  972, 1009, 1004,  970,  976,  853, 
			 915,  939,  968,  950,  993,  940,  911,  913, 
			 930,  958,  955,  980,  997,  994,  983,  956, 
			 933,  954,  955,  982,  967,  969,  957,  939, 
			 910,  904,  966,  939,  961,  947,  944,  922, 
			 933,  933,  925,  942,  931,  900,  889,  901, 
			 915,  913,  918,  893,  929,  916,  927,  882, 
		},
		{
			 519,  515,  516,  508,  498,  491,  501,  507, 
			 518,  529,  519,  511,  508,  501,  495,  492, 
			 515,  517,  512,  507,  497,  495,  494,  495, 
			 517,  512,  512,  508,  509,  505,  497,  497, 
			 510,  516,  517,  516,  511,  507,  496,  493, 
			 502,  507,  508,  505,  508,  497,  487,  491, 
			 506,  505,  512,  511,  506,  503,  498,  511, 
			 503,  514,  515,  517,  503,  499,  514,  486, 
		},
		{
			 277,  268,  270,  290,  293,  288,  265,  285, 
			 278,  285,  288,  279,  289,  271,  291,  248, 
			 292,  296,  288,  304,  282,  301,  285,  277, 
			 300,  306,  298,  305,  306,  292,  296,  282, 
			 282,  292,  305,  301,  299,  314,  281,  277, 
			 275,  291,  301,  307,  312,  294,  282,  268, 
			 281,  279,  281,  302,  301,  282,  282,  265, 
			 260,  277,  274,  284,  287,  281,  262,  270, 
		},
		{
			 250,  220,  248,  255,  233,  244,  242,  177, 
			 244,  255,  242,  261,  236,  242,  240,  217, 
			 247,  259,  285,  281,  254,  259,  246,  244, 
			 256,  284,  289,  298,  293,  286,  282,  251, 
			 262,  275,  293,  296,  297,  282,  266,  264, 
			 252,  271,  274,  289,  289,  272,  261,  249, 
			 245,  253,  259,  276,  273,  260,  254,  238, 
			 217,  242,  257,  268,  253,  263,  237,  237, 
		},
		{
			  94,   94,   94,   94,   94,   94,   94,   94, 
			 282,  278,  261,  224,  216,  231,  273,  271, 
			 206,  200,  185,  165,  153,  140,  178,  185, 
			 131,  120,  109,   95,   90,   95,  111,  115, 
			 111,  103,   87,   87,   83,   86,   97,   98, 
			 101,  101,   88,   97,   94,   91,   93,   93, 
			 113,  104,  108,  104,  104,   98,   96,   93, 
			  94,   94,   94,   94,   94,   94,   94,   94, 
		},
	},
	{28 22}
	{12 24}
}
Iteration: 2
Error: 0.0640098
{
	{
		{
			 152,   76,  105,   95,  116,   93,   63,   70, 
			  57,  108,   77,   58,   60,   98,    7,  -19, 
			  56,  132,   34,   58,   -2,   67,   79,  -15, 
			   2,   14,   34,   -6,  -23,  -13,   -1,  -35, 
			  43,   32,   14,  -49,  -46,  -69,  -19,  -74, 
			  17,   23,  -61,  -77,  -80,  -56,  -10,  -33, 
			  41,  -13,  -28,  -79,  -58,  -28,   16,   11, 
			 -42,   30,    5,  -60,    3,  -34,   24,   20, 
		},
		{
			 989, 1015, 1051, 1068, 1094, 1100, 1024, 1013, 
			1005, 1004, 1001,  978,  987, 1133, 1063, 1163, 
			1007, 1019, 1045, 1057, 1075, 1115, 1146, 1090, 
			1001, 1013, 1024, 1030, 1032, 1030, 1012, 1047, 
			1008, 1022, 1019, 1022, 1038, 1025, 1038, 1017, 
			1009, 1030, 1017, 1027, 1023, 1030, 1035, 1019, 
			1006, 1029, 1030, 1029, 1035, 1045, 1050, 1032, 
			1026, 1010, 1019, 1032, 1013, 1000,  979, 1017, 
		},
		{
			 514,  520,  522,  543,  574,  588,  549,  514, 
			 490,  487,  515,  542,  512,  572,  571,  551, 
			 492,  493,  501,  522,  544,  556,  567,  536, 
			 462,  474,  503,  515,  494,  509,  518,  515, 
			 461,  453,  461,  475,  488,  475,  494,  471, 
			 451,  464,  472,  485,  478,  473,  500,  476, 
			 444,  466,  466,  469,  475,  478,  494,  424, 
			 464,  468,  483,  487,  491,  477,  440,  455, 
		},
		{
			 336,  329,  349,  294,  255,  316,  387,  327, 
			 349,  391,  367,  370,  386,  444,  388,  415, 
			 356,  377,  433,  392,  438,  422,  422,  412, 
			 344,  365,  396,  408,  401,  377,  375,  370, 
			 365,  381,  381,  402,  408,  377,  381,  348, 
			 387,  387,  384,  377,  381,  386,  378,  382, 
			 358,  392,  377,  367,  372,  395,  403,  374, 
			 376,  357,  361,  354,  346,  346,  363,  360, 
		},
		{
			 119,  282,  300,  279,  387,  218,  247,  238, 
			 279,  332,  431,  369,  439,  435,  355,  357, 
			 347,  368,  382,  410,  446,  483,  424,  363, 
			 361,  358,  362,  398,  367,  392,  347,  380, 
			 333,  352,  360,  358,  371,  368,  358,  319, 
			 323,  338,  355,  359,  363,  352,  364,  323, 
			 322,  316,  337,  343,  345,  360,  343,  340, 
			 290,  320,  300,  318,  320,  329,  318,  269, 
		},
		{
			  82,   82,   82,   82,   82,   82,   82,   82, 
			 112,  126,   99,  128,  153,  148,   97,   57, 
			  51,   74,   98,   91,  106,  138,   87,   52, 
			  66,   87,   80,   93,  104,   91,   85,   52, 
			  48,   78,   73,   93,   91,   80,   88,   50, 
			  51,   74,   78,   72,   89,   68,  111,   70, 
			  45,   83,   64,   60,   73,  102,  124,   64, 
			  82,   82,   82,   82,   82,   82,   82,   82, 
		},
	},
	{
		{
			 -80,  -32,  -36,  -29,  -29,  -16,  -22,  -49, 
			 -29,   -9,  -11,   -6,   -6,    8,   19,    6, 
			 -24,   -7,    5,    2,   15,   17,   22,   13, 
			 -25,   -3,    5,   16,   19,   24,   17,    6, 
			 -41,  -11,    7,   25,   28,   31,   11,    3, 
			 -33,   -8,   18,   29,   33,   26,    9,   -4, 
			 -36,   -7,    9,   24,   22,   16,   -1,  -19, 
			 -35,  -33,  -17,  -10,  -36,  -13,  -30,  -56, 
		},
		{
			 947,  955,  945,  959,  935,  940,  941,  972, 
			 950,  952,  978, 1015, 1009,  976,  981,  856, 
			 927,  945,  963,  955,  993,  940,  917,  918, 
			 934,  967,  955,  980,  997, 1006,  989,  951, 
			 948,  949,  956,  988,  968,  964,  952,  950, 
			 920,  904,  966,  942,  961,  947,  954,  932, 
			 936,  933,  930,  942,  931,  900,  889,  901, 
			 916,  913,  918,  877,  929,  916,  927,  886, 
		},
		{
			 518,  512,  511,  505,  497,  490,  503,  508, 
			 518,  528,  520,  510,  512,  502,  495,  492, 
			 515,  517,  512,  508,  497,  497,  495,  495, 
			 517,  513,  512,  506,  511,  504,  497,  493, 
			 510,  516,  517,  517,  510,  507,  495,  493, 
			 502,  507,  508,  504,  507,  497,  488,  491, 
			 506,  505,  514,  511,  506,  503,  499,  511, 
			 503,  514,  511,  517,  503,  499,  514,  482, 
		},
		{
			 280,  269,  271,  291,  296,  288,  268,  291, 
			 277,  285,  290,  278,  289,  270,  286,  246, 
			 293,  291,  288,  300,  281,  301,  285,  271, 
			 300,  302,  296,  300,  306,  292,  290,  277, 
			 282,  287,  298,  295,  295,  303,  281,  277, 
			 269,  287,  296,  301,  302,  290,  278,  268, 
			 281,  268,  277,  292,  291,  276,  276,  263, 
			 260,  278,  259,  284,  281,  273,  267,  270, 
		},
		{
			 257,  225,  252,  259,  238,  250,  246,  184, 
			 250,  261,  242,  262,  237,  242,  241,  223, 
			 247,  258,  285,  280,  254,  259,  246,  249, 
			 260,  289,  291,  298,  298,  286,  283,  251, 
			 262,  275,  294,  296,  297,  282,  266,  270, 
			 252,  271,  274,  289,  289,  272,  261,  250, 
			 243,  253,  265,  276,  268,  260,  258,  243, 
			 223,  242,  262,  269,  259,  263,  237,  251, 
		},
		{
			  94,   94,   94,   94,   94,   94,   94,   94, 
			 283,  279,  263,  230,  216,  231,  273,  275, 
			 204,  200,  185,  165,  154,  140,  178,  186, 
			 131,  120,  109,   95,   90,   98,  112,  117, 
			 111,  105,   87,   87,   83,   86,   96,   98, 
			 101,  101,   88,   97,   94,   95,   93,   93, 
			 113,  104,  108,  109,  104,   98,   93,   90, 
			  94,   94,   94,   94,   94,   94,   94,   94, 
		},
	},
	{26 24}
	{14 34}
}
Iteration: 3
Error: 0.0639681
{
	{
		{
			 156,   72,  111,   88,  115,   98,   68,   82, 
			  57,  108,   72,   48,   60,  108,   12,  -14, 
			  56,  126,   42,   53,   -1,   68,   79,  -11, 
			   0,   19,   38,   -7,  -23,  -11,   -1,  -34, 
			  43,   32,    9,  -49,  -50,  -73,  -27,  -79, 
			  17,   17,  -60,  -77,  -80,  -56,  -18,  -33, 
			  36,  -12,  -27,  -78,  -63,  -34,   13,   11, 
			 -42,   29,    3,  -65,    1,  -34,   24,   23, 
		},
		{
			 994, 1015, 1061, 1073, 1100, 1106, 1030, 1019, 
			1010, 1007, 1007,  984,  992, 1138, 1068, 1169, 
			1012, 1019, 1050, 1059, 1081, 1121, 1145, 1090, 
			1007, 1013, 1029, 1030, 1031, 1030, 1014, 1048, 
			1008, 1024, 1018, 1022, 1036, 1026, 1038, 1019, 
			1009, 1029, 1017, 1025, 1022, 1027, 1035, 1024, 
			1008, 1029, 1030, 1029, 1035, 1046, 1049, 1032, 
			1025, 1011, 1019, 1032, 1013,  998,  979, 1012, 
		},
		{
			 526,  535,  543,  558,  584,  608,  553,  514, 
			 496,  493,  526,  548,  522,  573,  581,  557, 
			 498,  497,  507,  522,  549,  556,  567,  545, 
			 462,  478,  503,  520,  496,  508,  519,  520, 
			 461,  459,  461,  475,  488,  475,  495,  471, 
			 450,  464,  472,  484,  478,  473,  500,  476, 
			 444,  467,  466,  470,  475,  478,  494,  419, 
			 464,  468,  483,  487,  491,  477,  442,  457, 
		},
		{
			 337,  329,  349,  293,  250,  322,  377,  327, 
			 347,  393,  367,  375,  390,  443,  390,  410, 
			 356,  377,  433,  391,  439,  421,  421,  412, 
			 344,  365,  396,  407,  400,  381,  373,  370, 
			 365,  381,  378,  402,  409,  375,  378,  348, 
			 385,  387,  382,  376,  380,  386,  379,  382, 
			 359,  390,  376,  367,  372,  395,  403,  374, 
			 371,  352,  359,  354,  346,  344,  364,  359, 
		},
		{
			 119,  282,  305,  279,  387,  234,  242,  248, 
			 287,  333,  432,  376,  445,  435,  360,  362, 
			 347,  375,  386,  416,  452,  483,  425,  364, 
			 365,  360,  368,  398,  371,  397,  348,  379, 
			 336,  352,  363,  360,  373,  368,  362,  324, 
			 326,  342,  357,  359,  369,  354,  367,  327, 
			 322,  322,  343,  345,  348,  364,  349,  339, 
			 290,  321,  300,  322,  322,  329,  318,  273, 
		},
		{
			  82,   82,   82,   82,   82,   82,   82,   82, 
			 118,  132,   99,  129,  153,  154,  103,   62, 
			  52,   75,  103,   94,  111,  147,   89,   52, 
			  66,   88,   82,   93,  106,   90,   85,   52, 
			  48,   78,   75,   93,   92,   80,   88,   50, 
			  51,   75,   79,   73,   90,   67,  113,   70, 
			  45,   83,   64,   61,   73,  102,  126,   64, 
			  82,   82,   82,   82,   82,   82,   82,   82, 
		},
	},
	{
		{
			 -79,  -31,  -39,  -30,  -32,  -17,  -21,  -49, 
			 -27,  -11,  -11,   -6,   -6,    8,   18,    6, 
			 -23,   -6,    5,    2,   13,   17,   20,   11, 
			 -25,   -4,    6,   17,   19,   24,   17,    6, 
			 -41,  -11,    8,   25,   28,   32,   12,    3, 
			 -32,   -9,   18,   29,   33,   26,    9,   -4, 
			 -36,   -8,    9,   24,   22,   16,   -1,  -19, 
			 -34,  -32,  -17,  -10,  -36,  -11,  -30,  -56, 
		},
		{
			 947,  961,  946,  958,  934,  940,  941,  972, 
			 945,  952,  978, 1016, 1004,  976,  981,  857, 
			 927,  945,  963,  955,  993,  942,  917,  918, 
			 933,  967,  954,  980,  997, 1006,  989,  951, 
			 943,  949,  959,  989,  968,  961,  952,  950, 
			 913,  908,  966,  942,  962,  952,  954,  927, 
			 936,  933,  924,  937,  927,  900,  890,  901, 
			 916,  913,  912,  877,  930,  916,  928,  886, 
		},
		{
			 515,  510,  507,  501,  491,  485,  503,  506, 
			 517,  527,  515,  508,  506,  502,  495,  492, 
			 515,  516,  512,  508,  499,  497,  496,  495, 
			 517,  513,  512,  506,  510,  505,  497,  493, 
			 508,  516,  517,  517,  509,  507,  494,  493, 
			 502,  507,  508,  505,  507,  498,  488,  492, 
			 506,  505,  514,  511,  506,  503,  499,  511, 
			 503,  514,  511,  517,  503,  499,  516,  482, 
		},
		{
			 280,  269,  270,  292,  296,  288,  268,  285, 
			 272,  281,  285,  272,  284,  266,  282,  246, 
			 293,  285,  282,  300,  277,  295,  285,  270, 
			 293,  302,  291,  300,  301,  288,  290,  277, 
			 277,  285,  298,  290,  291,  303,  279,  277, 
			 269,  287,  291,  295,  297,  288,  273,  268, 
			 275,  263,  272,  287,  287,  276,  271,  259, 
			 260,  274,  259,  280,  281,  273,  260,  268, 
		},
		{
			 257,  226,  252,  261,  238,  245,  248,  183, 
			 249,  261,  242,  262,  239,  242,  239,  223, 
			 248,  257,  285,  278,  254,  257,  246,  249, 
			 261,  289,  287,  298,  298,  286,  284,  251, 
			 262,  272,  289,  295,  297,  284,  261,  265, 
			 253,  272,  274,  288,  283,  272,  261,  250, 
			 244,  253,  265,  276,  268,  260,  253,  246, 
			 223,  242,  261,  269,  259,  263,  237,  250, 
		},
		{
			  94,   94,   94,   94,   94,   94,   94,   94, 
			 283,  280,  263,  228,  215,  232,  274,  274, 
			 204,  201,  185,  165,  154,  140,  178,  186, 
			 131,  120,  109,   95,   90,   98,  112,  117, 
			 111,  105,   87,   87,   83,   86,   96,   98, 
			 101,  101,   88,   97,   94,   95,   93,   93, 
			 113,  104,  108,  109,  104,   98,   93,   90, 
			  94,   94,   94,   94,   94,   94,   94,   94, 
		},
	},
	{26 24}
	{16 42}
}
Iteration: 4
Error: 0.0639482
{
	{
		{
			 145,   77,  110,   93,  119,   93,   62,   82, 
			  51,  114,   73,   53,   60,  108,   12,  -14, 
			  56,  126,   36,   58,   -1,   66,   84,  -16, 
			   1,   19,   38,   -7,  -23,  -10,   -1,  -40, 
			  43,   32,    9,  -55,  -48,  -73,  -33,  -79, 
			  12,   22,  -60,  -77,  -85,  -56,  -18,  -33, 
			  38,  -12,  -27,  -78,  -63,  -34,   13,   11, 
			 -42,   29,    3,  -69,   -1,  -36,   24,   23, 
		},
		{
			 994, 1020, 1061, 1073, 1110, 1106, 1030, 1019, 
			1012, 1007, 1007,  985,  998, 1138, 1068, 1169, 
			1012, 1019, 1053, 1059, 1081, 1120, 1145, 1091, 
			1007, 1013, 1028, 1030, 1031, 1030, 1014, 1046, 
			1009, 1024, 1018, 1022, 1037, 1027, 1038, 1019, 
			1014, 1029, 1017, 1025, 1022, 1027, 1035, 1024, 
			1008, 1029, 1030, 1029, 1034, 1046, 1049, 1032, 
			1025, 1010, 1019, 1032, 1013,  998,  974, 1017, 
		},
		{
			 532,  535,  552,  565,  604,  617,  553,  522, 
			 496,  493,  532,  558,  526,  573,  581,  557, 
			 496,  497,  507,  522,  549,  556,  572,  545, 
			 462,  478,  503,  520,  496,  509,  519,  521, 
			 461,  459,  461,  475,  488,  475,  496,  472, 
			 450,  463,  472,  484,  479,  473,  502,  477, 
			 444,  467,  466,  470,  475,  478,  493,  420, 
			 464,  468,  483,  487,  491,  477,  442,  459, 
		},
		{
			 337,  329,  348,  293,  246,  321,  371,  326, 
			 347,  393,  365,  375,  391,  445,  390,  410, 
			 356,  377,  433,  391,  439,  421,  416,  410, 
			 345,  365,  395,  407,  399,  381,  371,  370, 
			 365,  376,  378,  399,  406,  375,  378,  348, 
			 385,  387,  382,  376,  380,  384,  379,  382, 
			 360,  390,  376,  367,  370,  394,  401,  375, 
			 371,  352,  359,  353,  346,  342,  364,  359, 
		},
		{
			 130,  288,  314,  284,  392,  234,  242,  248, 
			 288,  338,  437,  376,  445,  440,  366,  357, 
			 350,  376,  386,  422,  455,  488,  425,  364, 
			 365,  362,  367,  402,  371,  397,  350,  380, 
			 338,  356,  365,  363,  375,  372,  363,  326, 
			 328,  342,  359,  365,  369,  356,  370,  329, 
			 327,  322,  345,  347,  348,  363,  349,  340, 
			 300,  323,  304,  322,  322,  329,  320,  278, 
		},
		{
			  82,   82,   82,   82,   82,   82,   82,   82, 
			 116,  132,  105,  131,  153,  154,   98,   62, 
			  52,   75,  103,   94,  112,  145,   89,   52, 
			  66,   88,   82,   95,  106,   90,   85,   52, 
			  48,   78,   75,   93,   92,   80,   88,   50, 
			  51,   75,   79,   73,   90,   67,  115,   70, 
			  45,   83,   64,   60,   73,  102,  126,   64, 
			  82,   82,   82,   82,   82,   82,   82,   82, 
		},
	},
	{
		{
			 -78,  -34,  -40,  -29,  -32,  -15,  -21,  -50, 
			 -28,  -12,  -10,   -7,   -5,    6,   18,    6, 
			 -23,   -6,    5,    0,   13,   16,   19,   11, 
			 -25,   -3,    6,   16,   19,   24,   17,    7, 
			 -40,  -11,    8,   26,   28,   32,   12,    3, 
			 -32,   -9,   18,   29,   33,   26,    9,   -4, 
			 -35,   -7,    9,   24,   22,   16,   -1,  -19, 
			 -33,  -32,  -18,  -10,  -36,  -11,  -30,  -56, 
		},
		{
			 947,  955,  946,  958,  928,  940,  940,  966, 
			 945,  952,  974, 1013,  999,  976,  982,  854, 
			 927,  945,  957,  955,  993,  941,  916,  919, 
			 933,  967,  956,  980, 1002, 1006,  988,  951, 
			 947,  949,  959,  984,  968,  961,  956,  950, 
			 908,  906,  968,  942,  960,  952,  955,  927, 
			 936,  933,  924,  937,  927,  896,  889,  901, 
			 916,  913,  915,  877,  930,  916,  929,  888, 
		},
		{
			 514,  509,  506,  501,  488,  485,  503,  506, 
			 517,  527,  515,  502,  508,  501,  495,  492, 
			 515,  516,  512,  507,  499,  497,  496,  494, 
			 517,  512,  512,  506,  510,  505,  497,  493, 
			 508,  516,  517,  517,  509,  507,  495,  493, 
			 502,  507,  508,  505,  506,  500,  487,  492, 
			 506,  505,  514,  511,  505,  504,  500,  512, 
			 503,  514,  511,  517,  503,  499,  516,  482, 
		},
		{
			 274,  269,  270,  291,  296,  283,  269,  285, 
			 272,  282,  285,  272,  280,  266,  281,  246, 
			 289,  285,  282,  295,  277,  295,  284,  270, 
			 293,  296,  291,  296,  295,  286,  290,  273, 
			 275,  285,  298,  290,  291,  297,  279,  270, 
			 264,  282,  291,  295,  297,  286,  273,  263, 
			 270,  263,  272,  287,  287,  274,  271,  259, 
			 254,  274,  253,  280,  281,  273,  260,  268, 
		},
		{
			 249,  226,  252,  261,  232,  245,  248,  182, 
			 249,  261,  243,  262,  239,  242,  241,  223, 
			 243,  257,  285,  278,  254,  257,  246,  249, 
			 261,  290,  288,  298,  298,  286,  284,  251, 
			 261,  272,  289,  291,  297,  278,  261,  265, 
			 255,  272,  274,  283,  286,  272,  261,  247, 
			 244,  253,  265,  276,  268,  260,  253,  246, 
			 217,  241,  261,  269,  259,  268,  237,  249, 
		},
		{
			  94,   94,   94,   94,   94,   94,   94,   94, 
			 283,  280,  263,  228,  215,  232,  279,  274, 
			 204,  201,  185,  165,  154,  142,  178,  186, 
			 131,  120,  109,   95,   90,   98,  112,  117, 
			 111,  105,   87,   87,   88,   88,   96,   98, 
			 101,  101,   88,   97,   94,   95,   93,   93, 
			 113,  104,  108,  109,  104,   98,   93,   90, 
			  94,   94,   94,   94,   94,   94,   94,   94, 
		},
	},
	{26 24}
	{16 47}
}
Iteration: 5
Error: 0.0639363
{
	{
		{
			 144,   77,  110,   88,  119,   93,   62,   82, 
			  57,  119,   73,   53,   60,  103,   11,  -14, 
			  56,  122,   38,   62,    0,   66,   84,  -15, 
			   1,   14,   38,   -7,  -28,  -10,   -1,  -40, 
			  37,   30,    9,  -65,  -47,  -73,  -33,  -79, 
			  12,   17,  -65,  -77,  -85,  -56,  -17,  -38, 
			  38,  -11,  -27,  -83,  -64,  -33,   13,   11, 
			 -42,   24,    3,  -69,   -2,  -36,   24,   23, 
		},
		{
			 994, 1025, 1062, 1078, 1115, 1106, 1025, 1019, 
			1012, 1007, 1012,  990, 1003, 1138, 1067, 1169, 
			1012, 1019, 1053, 1059, 1081, 1120, 1145, 1091, 
			1006, 1013, 1028, 1030, 1030, 1030, 1014, 1046, 
			1009, 1024, 1018, 1022, 1037, 1027, 1038, 1019, 
			1014, 1029, 1017, 1025, 1022, 1027, 1034, 1025, 
			1008, 1029, 1030, 1029, 1034, 1046, 1050, 1032, 
			1025, 1010, 1018, 1032, 1012,  998,  979, 1013, 
		},
		{
			 537,  540,  562,  570,  611,  617,  553,  523, 
			 496,  493,  532,  566,  526,  578,  581,  557, 
			 496,  497,  507,  527,  549,  556,  572,  545, 
			 462,  478,  503,  520,  496,  509,  519,  521, 
			 461,  459,  463,  475,  488,  475,  496,  477, 
			 450,  463,  472,  484,  479,  468,  502,  479, 
			 444,  467,  466,  470,  475,  478,  491,  420, 
			 464,  468,  485,  487,  491,  477,  447,  459, 
		},
		{
			 340,  325,  348,  294,  251,  327,  367,  326, 
			 346,  393,  364,  375,  397,  445,  390,  410, 
			 356,  377,  433,  391,  439,  421,  416,  410, 
			 345,  364,  395,  405,  399,  381,  371,  368, 
			 365,  376,  376,  399,  406,  375,  378,  348, 
			 385,  386,  382,  374,  380,  384,  379,  380, 
			 360,  390,  376,  367,  370,  394,  401,  375, 
			 371,  350,  359,  352,  346,  342,  361,  357, 
		},
		{
			 131,  288,  313,  284,  395,  234,  238,  248, 
			 288,  338,  438,  376,  450,  440,  366,  363, 
			 355,  376,  388,  422,  455,  490,  430,  364, 
			 365,  362,  368,  404,  373,  398,  353,  381, 
			 339,  356,  368,  366,  377,  373,  363,  328, 
			 328,  345,  361,  365,  369,  357,  371,  330, 
			 326,  323,  345,  349,  351,  365,  349,  341, 
			 301,  324,  305,  322,  323,  330,  321,  276, 
		},
		{
			  82,   82,   82,   82,   82,   82,   82,   82, 
			 117,  137,  100,  131,  160,  158,   98,   61, 
			  52,   76,  103,   94,  112,  145,   89,   53, 
			  66,   88,   82,   95,  106,   90,   88,   53, 
			  48,   78,   75,   94,   92,   80,   89,   51, 
			  51,   75,   79,   73,   90,   69,  115,   70, 
			  45,   83,   64,   61,   73,  102,  126,   64, 
			  82,   82,   82,   82,   82,   82,   82,   82, 
		},
	},
	{
		{
			 -78,  -34,  -39,  -28,  -32,  -20,  -21,  -52, 
			 -28,  -13,  -11,   -7,   -5,    6,   16,    7, 
			 -22,   -6,    5,   -1,   13,   16,   20,   11, 
			 -25,   -2,    5,   16,   18,   23,   17,    7, 
			 -39,  -10,    9,   28,   28,   32,   14,    4, 
			 -33,   -8,   20,   29,   33,   26,    9,   -3, 
			 -34,   -7,    9,   24,   22,   16,   -1,  -19, 
			 -34,  -30,  -18,   -9,  -36,  -11,  -30,  -57, 
		},
		{
			 952,  955,  946,  954,  926,  936,  941,  966, 
			 946,  955,  969, 1014,  996,  976,  982,  854, 
			 926,  945,  957,  955,  993,  940,  915,  919, 
			 933,  967,  956,  980, 1002, 1007,  988,  952, 
			 937,  948,  954,  984,  968,  961,  956,  944, 
			 908,  906,  962,  943,  959,  952,  950,  927, 
			 931,  934,  924,  937,  927,  892,  889,  901, 
			 911,  913,  915,  877,  929,  911,  923,  888, 
		},
		{
			 512,  509,  500,  496,  487,  484,  503,  506, 
			 516,  527,  514,  502,  508,  501,  495,  492, 
			 515,  516,  513,  507,  499,  497,  494,  493, 
			 517,  512,  512,  506,  510,  505,  497,  493, 
			 508,  515,  516,  517,  510,  507,  495,  491, 
			 502,  507,  508,  505,  506,  505,  487,  492, 
			 506,  504,  514,  511,  506,  504,  500,  512, 
			 503,  514,  511,  517,  503,  499,  514,  482, 
		},
		{
			 275,  269,  270,  285,  292,  282,  269,  282, 
			 271,  281,  281,  271,  280,  263,  281,  246, 
			 289,  284,  278,  294,  272,  291,  281,  270, 
			 292,  296,  288,  296,  295,  286,  284,  273, 
			 277,  281,  298,  289,  291,  297,  274,  271, 
			 265,  281,  291,  295,  297,  286,  271,  265, 
			 273,  263,  272,  282,  287,  271,  271,  259, 
			 255,  273,  253,  279,  278,  273,  260,  263, 
		},
		{
			 249,  221,  253,  262,  232,  246,  248,  183, 
			 251,  261,  248,  262,  234,  242,  238,  223, 
			 243,  257,  285,  278,  253,  257,  247,  248, 
			 261,  290,  288,  298,  298,  286,  284,  251, 
			 261,  272,  289,  291,  297,  278,  261,  265, 
			 255,  272,  274,  283,  286,  272,  262,  247, 
			 244,  251,  265,  276,  268,  260,  253,  243, 
			 218,  241,  261,  269,  259,  263,  237,  248, 
		},
		{
			  94,   94,   94,   94,   94,   94,   94,   94, 
			 283,  280,  263,  228,  215,  232,  277,  275, 
			 204,  201,  185,  165,  154,  142,  178,  186, 
			 131,  120,  109,   95,   90,   98,  112,  117, 
			 111,  105,   87,   87,   88,   88,   96,   98, 
			 101,  101,   88,   97,   94,   95,   93,   93, 
			 113,  104,  108,  109,  104,   98,   93,   90, 
			  94,   94,   94,   94,   94,   94,   94,   94, 
		},
	},
	{26 24}
	{16 47}
}
Iteration: 6
Error: 0.0639332
{
	{
		{
			 144,   77,  104,   93,  116,  103,   62,   82, 
			  58,  119,   77,   53,   60,  109,   17,  -25, 
			  56,  122,   34,   62,    5,   72,   85,  -15, 
			   4,   15,   43,   -7,  -23,  -10,   -1,  -41, 
			  37,   29,    9,  -75,  -47,  -73,  -35,  -79, 
			   7,   17,  -65,  -77,  -83,  -56,  -17,  -38, 
			  38,  -16,  -27,  -83,  -64,  -33,   13,   11, 
			 -42,   24,   -2,  -69,   -2,  -36,   24,   23, 
		},
		{
			 994, 1025, 1062, 1078, 1115, 1112, 1029, 1024, 
			1012, 1007, 1012,  990, 1003, 1137, 1067, 1169, 
			1012, 1019, 1053, 1059, 1081, 1120, 1144, 1090, 
			1006, 1014, 1028, 1030, 1030, 1030, 1014, 1046, 
			1009, 1024, 1018, 1022, 1037, 1027, 1038, 1020, 
			1014, 1029, 1017, 1025, 1022, 1027, 1034, 1025, 
			1008, 1029, 1030, 1029, 1034, 1046, 1049, 1032, 
			1025, 1010, 1018, 1032, 1013,  998,  979, 1013, 
		},
		{
			 544,  540,  572,  576,  610,  617,  553,  523, 
			 496,  493,  532,  566,  526,  578,  581,  557, 
			 496,  497,  507,  527,  549,  557,  572,  545, 
			 463,  480,  503,  520,  496,  508,  519,  521, 
			 461,  459,  463,  477,  488,  475,  496,  477, 
			 450,  463,  474,  484,  479,  468,  502,  478, 
			 445,  467,  466,  470,  475,  479,  491,  420, 
			 464,  468,  485,  487,  491,  477,  447,  459, 
		},
		{
			 340,  325,  347,  294,  251,  327,  366,  326, 
			 346,  393,  365,  375,  393,  445,  390,  410, 
			 356,  378,  433,  396,  445,  425,  417,  410, 
			 345,  364,  395,  405,  399,  381,  371,  368, 
			 365,  382,  376,  399,  406,  375,  379,  348, 
			 385,  386,  382,  374,  379,  384,  379,  380, 
			 359,  390,  376,  367,  370,  394,  401,  375, 
			 371,  350,  359,  352,  346,  342,  367,  357, 
		},
		{
			 131,  288,  313,  289,  396,  239,  238,  248, 
			 288,  339,  438,  381,  450,  440,  368,  363, 
			 355,  377,  388,  422,  455,  490,  430,  367, 
			 365,  366,  368,  404,  373,  401,  353,  381, 
			 341,  357,  368,  366,  377,  373,  363,  328, 
			 328,  345,  361,  365,  369,  357,  371,  330, 
			 326,  325,  345,  349,  351,  365,  350,  342, 
			 301,  324,  305,  324,  323,  333,  321,  281, 
		},
		{
			  82,   82,   82,   82,   82,   82,   82,   82, 
			 117,  137,  100,  131,  161,  158,  103,   56, 
			  53,   76,  103,   95,  112,  145,   89,   53, 
			  66,   88,   82,   95,  106,   90,   88,   53, 
			  48,   78,   75,   94,   92,   80,   89,   51, 
			  51,   75,   79,   73,   90,   69,  115,   70, 
			  45,   83,   64,   61,   73,  102,  126,   64, 
			  82,   82,   82,   82,   82,   82,   82,   82, 
		},
	},
	{
		{
			 -78,  -35,  -38,  -27,  -30,  -20,  -20,  -52, 
			 -28,  -14,  -11,   -7,   -8,    6,   16,    7, 
			 -22,   -5,    5,   -1,   13,   16,   20,   10, 
			 -25,   -2,    5,   16,   18,   23,   17,    7, 
			 -39,  -10,    9,   28,   28,   31,   14,    4, 
			 -33,   -8,   20,   29,   33,   26,    9,   -3, 
			 -33,   -7,    9,   24,   22,   16,   -1,  -19, 
			 -34,  -29,  -18,   -9,  -36,  -11,  -30,  -57, 
		},
		{
			 948,  955,  946,  954,  926,  936,  937,  966, 
			 946,  955,  969, 1014,  996,  976,  982,  854, 
			 926,  945,  957,  955,  993,  940,  914,  919, 
			 933,  962,  956,  980, 1002, 1007,  988,  952, 
			 937,  948,  954,  984,  968,  960,  956,  944, 
			 908,  905,  963,  943,  959,  952,  955,  926, 
			 936,  934,  924,  937,  927,  897,  889,  901, 
			 915,  913,  915,  877,  930,  911,  923,  893, 
		},
		{
			 512,  508,  500,  497,  486,  484,  502,  506, 
			 516,  527,  514,  503,  508,  501,  495,  492, 
			 515,  516,  511,  507,  499,  497,  494,  493, 
			 515,  512,  512,  506,  509,  505,  497,  493, 
			 508,  515,  516,  517,  510,  507,  495,  492, 
			 502,  507,  506,  505,  506,  504,  487,  493, 
			 507,  504,  514,  511,  506,  504,  500,  512, 
			 503,  514,  511,  517,  503,  499,  514,  482, 
		},
		{
			 275,  263,  269,  285,  292,  282,  268,  282, 
			 271,  281,  281,  271,  280,  263,  281,  246, 
			 289,  284,  278,  288,  272,  291,  281,  266, 
			 291,  296,  288,  296,  295,  285,  284,  272, 
			 277,  281,  298,  289,  291,  297,  275,  271, 
			 264,  281,  291,  295,  297,  286,  271,  265, 
			 273,  263,  272,  282,  287,  271,  271,  259, 
			 255,  273,  253,  279,  278,  273,  259,  263, 
		},
		{
			 249,  222,  253,  257,  233,  246,  249,  183, 
			 251,  260,  248,  262,  234,  242,  238,  223, 
			 243,  257,  285,  278,  253,  257,  247,  248, 
			 261,  284,  288,  298,  298,  285,  284,  251, 
			 261,  272,  289,  291,  296,  278,  261,  265, 
			 255,  272,  274,  284,  286,  272,  260,  246, 
			 244,  251,  265,  276,  268,  260,  253,  242, 
			 218,  241,  261,  267,  259,  263,  237,  248, 
		},
		{
			  94,   94,   94,   94,   94,   94,   94,   94, 
			 283,  280,  263,  228,  215,  232,  277,  275, 
			 204,  201,  185,  166,  153,  142,  178,  186, 
			 131,  120,  109,   95,   90,   98,  112,  117, 
			 111,  105,   87,   87,   88,   88,   96,   98, 
			 101,  101,   88,   97,   94,   95,   93,   93, 
			 113,  104,  108,  109,  104,   98,   93,   90, 
			  94,   94,   94,   94,   94,   94,   94,   94, 
		},
	},
	{26 24}
	{16 47}
}
Iteration: 7
Error: 0.063932
{
	{
		{
			 144,   77,  104,   94,  116,  103,   63,   82, 
			  58,  124,   72,   53,   72,  109,   17,  -26, 
			  56,  122,   35,   62,    5,   72,   85,  -10, 
			   4,   15,   38,   -7,  -23,  -10,   -1,  -41, 
			  32,   29,    9,  -74,  -47,  -73,  -35,  -79, 
			  12,   18,  -65,  -77,  -83,  -56,  -17,  -38, 
			  38,  -16,  -27,  -83,  -64,  -33,   13,   11, 
			 -43,   24,   -2,  -69,   -2,  -36,   24,   23, 
		},
		{
			 994, 1025, 1062, 1084, 1120, 1112, 1029, 1024, 
			1012, 1007, 1012,  990, 1003, 1137, 1067, 1169, 
			1012, 1019, 1053, 1059, 1081, 1120, 1149, 1090, 
			1006, 1016, 1028, 1029, 1030, 1030, 1014, 1046, 
			1009, 1024, 1018, 1022, 1036, 1027, 1038, 1020, 
			1014, 1029, 1017, 1025, 1023, 1027, 1034, 1026, 
			1008, 1029, 1030, 1029, 1034, 1046, 1049, 1032, 
			1025, 1010, 1020, 1032, 1013,  998,  976, 1013, 
		},
		{
			 539,  540,  572,  576,  610,  617,  553,  523, 
			 501,  493,  532,  566,  526,  578,  581,  558, 
			 496,  497,  507,  527,  550,  560,  572,  545, 
			 463,  480,  503,  520,  496,  508,  519,  521, 
			 461,  459,  463,  477,  488,  475,  496,  477, 
			 450,  463,  474,  483,  479,  468,  502,  478, 
			 445,  467,  466,  470,  475,  479,  492,  420, 
			 464,  468,  485,  487,  491,  477,  447,  459, 
		},
		{
			 340,  325,  347,  294,  251,  327,  366,  326, 
			 346,  393,  365,  375,  393,  444,  390,  409, 
			 356,  378,  433,  396,  445,  425,  417,  411, 
			 345,  364,  395,  405,  399,  380,  371,  369, 
			 365,  382,  376,  399,  404,  375,  379,  348, 
			 385,  386,  382,  374,  379,  384,  379,  380, 
			 359,  390,  376,  367,  370,  394,  401,  375, 
			 371,  351,  359,  352,  348,  342,  367,  357, 
		},
		{
			 137,  288,  313,  294,  397,  240,  239,  248, 
			 288,  339,  438,  376,  450,  440,  368,  363, 
			 355,  377,  388,  422,  455,  490,  430,  367, 
			 365,  367,  368,  404,  373,  401,  353,  381, 
			 341,  356,  368,  366,  377,  373,  363,  328, 
			 329,  345,  361,  365,  369,  357,  371,  330, 
			 327,  326,  345,  349,  351,  365,  350,  342, 
			 301,  324,  305,  324,  323,  333,  321,  281, 
		},
		{
			  82,   82,   82,   82,   82,   82,   82,   82, 
			 117,  137,  106,  131,  161,  158,  103,   56, 
			  53,   76,  103,   95,  112,  145,   89,   53, 
			  66,   88,   82,   95,  106,   90,   88,   53, 
			  48,   78,   75,   94,   92,   80,   89,   51, 
			  51,   75,   79,   73,   90,   69,  115,   70, 
			  45,   83,   64,   61,   73,  102,  126,   64, 
			  82,   82,   82,   82,   82,   82,   82,   82, 
		},
	},
	{
		{
			 -78,  -34,  -38,  -27,  -30,  -20,  -20,  -52, 
			 -28,  -14,  -11,   -7,   -8,    6,   16,    7, 
			 -22,   -7,    5,    0,   13,   16,   20,   10, 
			 -25,   -2,    5,   16,   18,   23,   17,    7, 
			 -39,   -9,    9,   28,   28,   31,   14,    4, 
			 -33,   -8,   20,   29,   33,   26,    9,   -3, 
			 -33,   -7,    9,   24,   22,   16,   -1,  -19, 
			 -34,  -29,  -18,   -9,  -36,  -11,  -30,  -57, 
		},
		{
			 948,  954,  946,  954,  921,  934,  937,  966, 
			 947,  955,  969, 1013,  996,  976,  982,  854, 
			 925,  945,  957,  955,  993,  940,  913,  919, 
			 933,  962,  956,  980,  997, 1003,  988,  952, 
			 937,  948,  954,  984,  968,  960,  956,  944, 
			 908,  905,  963,  943,  959,  952,  955,  926, 
			 936,  934,  924,  937,  927,  897,  889,  903, 
			 915,  913,  915,  877,  930,  911,  923,  888, 
		},
		{
			 512,  508,  500,  497,  486,  484,  502,  506, 
			 515,  527,  514,  503,  508,  501,  495,  493, 
			 515,  516,  511,  506,  499,  497,  494,  493, 
			 515,  512,  512,  506,  509,  505,  497,  493, 
			 508,  515,  516,  517,  510,  507,  495,  492, 
			 502,  507,  506,  505,  506,  504,  487,  493, 
			 507,  504,  514,  511,  506,  504,  499,  512, 
			 503,  514,  511,  517,  503,  499,  514,  482, 
		},
		{
			 275,  263,  269,  285,  291,  282,  268,  282, 
			 271,  281,  281,  271,  280,  263,  281,  245, 
			 289,  284,  278,  288,  272,  291,  281,  266, 
			 291,  296,  288,  296,  295,  285,  284,  271, 
			 277,  281,  298,  289,  291,  297,  275,  271, 
			 264,  281,  288,  295,  297,  286,  271,  265, 
			 273,  263,  272,  282,  287,  271,  271,  259, 
			 255,  273,  253,  279,  278,  273,  259,  264, 
		},
		{
			 249,  222,  253,  257,  233,  246,  249,  183, 
			 251,  260,  243,  262,  234,  242,  238,  223, 
			 243,  257,  285,  278,  253,  257,  247,  248, 
			 261,  284,  288,  298,  298,  285,  284,  251, 
			 261,  271,  289,  291,  296,  278,  261,  265, 
			 256,  272,  274,  284,  286,  272,  260,  246, 
			 243,  251,  265,  276,  268,  258,  253,  242, 
			 218,  241,  261,  267,  259,  263,  237,  248, 
		},
		{
			  94,   94,   94,   94,   94,   94,   94,   94, 
			 283,  280,  263,  228,  215,  232,  277,  275, 
			 204,  201,  185,  166,  153,  142,  178,  186, 
			 131,  120,  109,   95,   90,   98,  112,  117, 
			 111,  105,   87,   87,   88,   88,   96,   98, 
			 101,  101,   88,   97,   94,   95,   93,   93, 
			 113,  104,  108,  109,  104,   98,   93,   90, 
			  94,   94,   94,   94,   94,   94,   94,   94, 
		},
	},
	{26 24}
	{16 47}
}
Iteration: 8
Error: 0.0639317
{
	{
		{
			 144,   77,  104,   94,  116,  103,   63,   82, 
			  63,  124,   77,   53,   72,  109,   17,  -26, 
			  52,  122,   35,   62,    5,   72,   85,  -14, 
			   4,   15,   38,   -6,  -23,  -10,   -1,  -41, 
			  32,   29,    9,  -74,  -47,  -73,  -35,  -79, 
			  12,   18,  -65,  -77,  -83,  -56,  -17,  -38, 
			  38,  -16,  -31,  -83,  -64,  -33,   13,   11, 
			 -43,   24,   -2,  -69,   -2,  -36,   24,   23, 
		},
		{
			 994, 1025, 1062, 1084, 1120, 1112, 1029, 1024, 
			1012, 1007, 1012,  990, 1003, 1137, 1067, 1169, 
			1012, 1019, 1053, 1059, 1081, 1120, 1148, 1090, 
			1006, 1016, 1028, 1029, 1030, 1030, 1014, 1046, 
			1009, 1024, 1018, 1022, 1036, 1027, 1038, 1020, 
			1014, 1029, 1017, 1025, 1023, 1027, 1034, 1026, 
			1008, 1029, 1030, 1029, 1034, 1046, 1049, 1030, 
			1025, 1010, 1020, 1032, 1013,  998,  976, 1013, 
		},
		{
			 539,  540,  572,  576,  610,  617,  553,  523, 
			 501,  493,  532,  566,  526,  578,  581,  558, 
			 496,  497,  507,  527,  550,  560,  572,  545, 
			 463,  480,  503,  519,  496,  508,  520,  521, 
			 461,  459,  463,  477,  488,  475,  496,  477, 
			 450,  465,  474,  483,  479,  468,  502,  478, 
			 445,  467,  466,  470,  475,  479,  492,  420, 
			 464,  468,  485,  487,  491,  477,  447,  459, 
		},
		{
			 340,  325,  345,  294,  251,  327,  366,  327, 
			 346,  393,  365,  375,  393,  444,  390,  409, 
			 356,  378,  433,  397,  445,  425,  417,  411, 
			 345,  364,  395,  405,  399,  380,  372,  368, 
			 365,  382,  376,  399,  404,  375,  379,  348, 
			 385,  386,  382,  374,  379,  384,  379,  380, 
			 359,  390,  376,  367,  370,  394,  401,  375, 
			 371,  351,  359,  352,  348,  342,  367,  357, 
		},
		{
			 137,  288,  313,  294,  397,  240,  238,  248, 
			 288,  339,  438,  382,  450,  440,  368,  363, 
			 356,  377,  388,  422,  460,  490,  430,  367, 
			 365,  367,  368,  404,  373,  401,  353,  381, 
			 341,  356,  368,  366,  377,  373,  363,  328, 
			 329,  345,  361,  365,  369,  357,  371,  330, 
			 327,  326,  345,  349,  351,  365,  350,  342, 
			 301,  324,  305,  324,  323,  333,  321,  281, 
		},
		{
			  82,   82,   82,   82,   82,   82,   82,   82, 
			 117,  137,  106,  131,  156,  158,  103,   56, 
			  53,   76,  103,   95,  112,  145,   89,   53, 
			  66,   88,   82,   95,  106,   90,   88,   53, 
			  48,   78,   75,   94,   92,   80,   89,   51, 
			  51,   75,   79,   73,   90,   69,  115,   70, 
			  45,   83,   64,   61,   73,  102,  126,   64, 
			  82,   82,   82,   82,   82,   82,   82,   82, 
		},
	},
	{
		{
			 -78,  -34,  -38,  -27,  -30,  -20,  -20,  -51, 
			 -28,  -14,  -11,   -7,   -8,    6,   17,    7, 
			 -22,   -7,    5,    0,   13,   16,   20,   10, 
			 -25,   -2,    5,   16,   18,   23,   17,    7, 
			 -39,   -9,    9,   28,   28,   31,   14,    4, 
			 -33,   -8,   20,   29,   33,   26,    9,   -3, 
			 -33,   -7,    9,   24,   22,   16,   -1,  -19, 
			 -34,  -29,  -18,   -9,  -36,  -11,  -30,  -57, 
		},
		{
			 948,  954,  946,  954,  921,  935,  937,  966, 
			 947,  955,  969, 1013,  996,  976,  982,  854, 
			 926,  945,  957,  955,  993,  940,  913,  919, 
			 933,  962,  956,  980,  997, 1003,  988,  952, 
			 937,  948,  954,  984,  968,  960,  956,  945, 
			 908,  905,  963,  943,  959,  952,  955,  926, 
			 936,  934,  924,  937,  927,  897,  889,  903, 
			 915,  913,  916,  877,  930,  911,  924,  888, 
		},
		{
			 512,  508,  500,  497,  486,  484,  502,  506, 
			 515,  527,  514,  503,  508,  501,  495,  493, 
			 515,  516,  511,  506,  499,  495,  494,  493, 
			 515,  512,  512,  506,  509,  505,  497,  493, 
			 508,  515,  516,  517,  510,  507,  495,  492, 
			 502,  507,  506,  505,  506,  504,  487,  493, 
			 507,  504,  514,  511,  506,  504,  499,  512, 
			 503,  514,  511,  517,  503,  499,  514,  482, 
		},
		{
			 275,  263,  269,  285,  291,  282,  268,  282, 
			 270,  281,  281,  271,  280,  263,  281,  245, 
			 289,  284,  278,  289,  272,  291,  281,  266, 
			 291,  296,  288,  296,  295,  285,  285,  271, 
			 277,  281,  298,  289,  291,  297,  275,  271, 
			 264,  281,  288,  295,  297,  286,  271,  265, 
			 273,  263,  272,  282,  287,  271,  271,  259, 
			 255,  273,  253,  279,  278,  273,  259,  264, 
		},
		{
			 249,  222,  248,  257,  233,  246,  249,  183, 
			 251,  260,  243,  261,  234,  242,  238,  223, 
			 244,  257,  285,  278,  253,  252,  247,  248, 
			 261,  284,  288,  298,  298,  285,  284,  251, 
			 261,  271,  289,  291,  296,  278,  261,  265, 
			 256,  272,  274,  284,  286,  272,  260,  246, 
			 243,  251,  265,  276,  268,  258,  253,  242, 
			 218,  241,  261,  267,  259,  263,  237,  248, 
		},
		{
			  94,   94,   94,   94,   94,   94,   94,   94, 
			 283,  280,  263,  228,  215,  232,  277,  275, 
			 204,  201,  185,  166,  153,  142,  178,  186, 
			 131,  120,  109,   95,   90,   98,  112,  117, 
			 111,  105,   87,   87,   88,   88,   96,   98, 
			 101,  101,   88,   97,   94,   95,   93,   93, 
			 113,  104,  108,  109,  104,   98,   93,   90, 
			  94,   94,   94,   94,   94,   94,   94,   94, 
		},
	},
	{26 24}
	{16 47}
}
Iteration: 9
Error: 0.0639315
{
	{
		{
			 144,   78,  109,   93,  116,  103,   64,   82, 
			  54,  124,   77,   53,   72,  109,   17,  -21, 
			  52,  122,   35,   62,    5,   72,   85,  -14, 
			   4,   15,   38,   -6,  -23,  -10,   -1,  -41, 
			  32,   29,    9,  -74,  -47,  -73,  -35,  -79, 
			  12,   18,  -65,  -77,  -83,  -56,  -17,  -38, 
			  38,  -16,  -31,  -83,  -64,  -33,   13,   11, 
			 -43,   24,   -2,  -69,   -2,  -36,   24,   23, 
		},
		{
			 994, 1025, 1062, 1084, 1120, 1112, 1029, 1024, 
			1012, 1007, 1012,  990, 1003, 1137, 1067, 1169, 
			1012, 1019, 1053, 1059, 1081, 1120, 1148, 1090, 
			1006, 1015, 1028, 1029, 1030, 1030, 1014, 1046, 
			1009, 1024, 1018, 1022, 1036, 1027, 1038, 1020, 
			1014, 1029, 1017, 1025, 1023, 1027, 1034, 1026, 
			1008, 1029, 1030, 1029, 1034, 1046, 1049, 1030, 
			1025, 1010, 1019, 1032, 1013,  998,  977, 1013, 
		},
		{
			 539,  540,  572,  576,  610,  617,  553,  523, 
			 501,  493,  532,  566,  526,  578,  581,  558, 
			 496,  497,  507,  527,  550,  560,  572,  545, 
			 463,  480,  503,  519,  496,  508,  520,  521, 
			 461,  459,  463,  477,  488,  475,  496,  477, 
			 450,  465,  474,  483,  479,  468,  502,  478, 
			 445,  467,  466,  470,  475,  479,  492,  420, 
			 464,  468,  485,  487,  491,  477,  447,  459, 
		},
		{
			 340,  329,  345,  294,  255,  327,  361,  327, 
			 347,  393,  365,  375,  393,  444,  390,  409, 
			 356,  378,  433,  397,  445,  425,  417,  411, 
			 345,  364,  395,  405,  399,  380,  372,  368, 
			 365,  382,  376,  399,  404,  375,  379,  348, 
			 385,  386,  382,  374,  379,  384,  379,  380, 
			 359,  390,  376,  367,  370,  394,  401,  375, 
			 371,  351,  359,  352,  348,  342,  367,  357, 
		},
		{
			 137,  288,  313,  294,  397,  240,  238,  248, 
			 289,  339,  438,  381,  450,  440,  368,  363, 
			 356,  377,  388,  422,  460,  490,  430,  367, 
			 365,  367,  368,  404,  373,  401,  353,  381, 
			 341,  356,  368,  366,  377,  373,  363,  328, 
			 329,  345,  361,  365,  369,  357,  371,  330, 
			 327,  326,  345,  349,  351,  365,  350,  342, 
			 301,  324,  305,  324,  323,  333,  321,  281, 
		},
		{
			  82,   82,   82,   82,   82,   82,   82,   82, 
			 117,  137,  101,  131,  156,  158,  103,   56, 
			  53,   75,  103,   95,  112,  145,   89,   53, 
			  66,   88,   82,   95,  106,   90,   88,   53, 
			  48,   78,   75,   94,   92,   80,   89,   51, 
			  51,   75,   79,   73,   90,   69,  115,   70, 
			  45,   83,   64,   61,   73,  102,  126,   64, 
			  82,   82,   82,   82,   82,   82,   82,   82, 
		},
	},
	{
		{
			 -78,  -34,  -40,  -27,  -30,  -20,  -20,  -51, 
			 -28,  -14,  -11,   -7,   -8,    6,   17,    7, 
			 -22,   -7,    5,    0,   13,   16,   20,   10, 
			 -25,   -2,    5,   16,   18,   23,   17,    7, 
			 -39,  -10,    9,   28,   28,   31,   14,    4, 
			 -33,   -8,   20,   29,   33,   26,    9,   -3, 
			 -33,   -7,    9,   24,   22,   16,   -1,  -19, 
			 -34,  -29,  -18,   -9,  -36,  -11,  -30,  -57, 
		},
		{
			 948,  954,  946,  954,  921,  935,  937,  966, 
			 947,  955,  969, 1013,  996,  976,  982,  854, 
			 926,  946,  957,  955,  993,  940,  913,  919, 
			 933,  961,  956,  980,  997, 1003,  988,  952, 
			 937,  948,  954,  984,  968,  960,  956,  945, 
			 908,  905,  963,  943,  959,  952,  955,  926, 
			 936,  934,  924,  937,  927,  897,  889,  903, 
			 915,  913,  916,  877,  930,  911,  924,  888, 
		},
		{
			 512,  508,  500,  497,  486,  484,  502,  506, 
			 515,  527,  514,  503,  508,  501,  495,  493, 
			 515,  516,  511,  506,  499,  495,  494,  493, 
			 515,  512,  512,  506,  509,  505,  497,  493, 
			 509,  515,  516,  517,  510,  507,  495,  492, 
			 502,  507,  506,  505,  506,  504,  487,  493, 
			 507,  504,  514,  511,  506,  504,  499,  512, 
			 503,  514,  511,  517,  503,  499,  514,  482, 
		},
		{
			 275,  263,  269,  285,  291,  282,  268,  282, 
			 270,  281,  281,  271,  280,  263,  281,  245, 
			 289,  284,  278,  289,  272,  291,  281,  266, 
			 291,  296,  288,  296,  295,  285,  285,  271, 
			 277,  281,  298,  289,  291,  297,  275,  271, 
			 264,  281,  288,  295,  297,  286,  271,  265, 
			 273,  263,  272,  282,  287,  271,  271,  259, 
			 253,  273,  253,  279,  278,  273,  259,  264, 
		},
		{
			 249,  222,  248,  257,  233,  246,  249,  183, 
			 250,  260,  243,  260,  234,  242,  238,  223, 
			 244,  257,  285,  278,  253,  252,  247,  248, 
			 261,  284,  288,  298,  298,  285,  284,  251, 
			 261,  271,  289,  291,  296,  278,  261,  265, 
			 256,  272,  274,  284,  286,  272,  260,  246, 
			 243,  251,  265,  276,  268,  258,  253,  242, 
			 218,  241,  261,  267,  259,  263,  237,  248, 
		},
		{
			  94,   94,   94,   94,   94,   94,   94,   94, 
			 283,  280,  263,  228,  215,  232,  277,  275, 
			 204,  201,  185,  166,  153,  142,  178,  186, 
			 131,  120,  109,   95,   90,   98,  112,  117, 
			 111,  105,   87,   87,   88,   88,   96,   98, 
			 101,  101,   88,   97,   94,   95,   93,   93, 
			 113,  104,  108,  109,  104,   98,   93,   90, 
			  94,   94,   94,   94,   94,   94,   94,   94, 
		},
	},
	{26 24}
	{16 47}
}
Iteration: 10
Error: 0.0639314
{
	{
		{
			 150,   78,  109,   93,  116,  103,   64,   82, 
			  54,  124,   77,   53,   72,  109,   17,  -21, 
			  52,  122,   35,   62,    5,   72,   85,  -14, 
			   4,   15,   38,   -6,  -23,  -10,   -1,  -41, 
			  32,   28,    9,  -74,  -47,  -74,  -35,  -79, 
			  12,   18,  -65,  -77,  -83,  -56,  -17,  -38, 
			  38,  -16,  -31,  -83,  -64,  -33,   13,   11, 
			 -43,   24,   -2,  -69,   -2,  -36,   24,   23, 
		},
		{
			 994, 1025, 1062, 1084, 1120, 1112, 1029, 1024, 
			1012, 1007, 1012,  990, 1002, 1137, 1067, 1169, 
			1012, 1019, 1053, 1060, 1081, 1120, 1148, 1090, 
			1006, 1015, 1028, 1029, 1030, 1033, 1014, 1046, 
			1009, 1024, 1018, 1022, 1036, 1027, 1038, 1020, 
			1014, 1029, 1017, 1025, 1023, 1027, 1034, 1026, 
			1008, 1029, 1030, 1029, 1034, 1046, 1049, 1030, 
			1025, 1010, 1019, 1032, 1013,  998,  977, 1013, 
		},
		{
			 539,  540,  572,  576,  610,  617,  553,  522, 
			 501,  493,  532,  566,  526,  578,  581,  558, 
			 496,  497,  507,  527,  550,  560,  572,  545, 
			 463,  480,  503,  519,  496,  508,  521,  521, 
			 462,  459,  463,  477,  488,  475,  496,  477, 
			 450,  465,  474,  483,  479,  468,  502,  478, 
			 445,  467,  466,  470,  475,  479,  492,  420, 
			 464,  468,  485,  487,  491,  477,  447,  459, 
		},
		{
			 340,  329,  345,  294,  255,  327,  366,  327, 
			 347,  393,  365,  375,  393,  444,  390,  409, 
			 356,  378,  433,  397,  445,  425,  417,  411, 
			 345,  364,  395,  405,  399,  380,  372,  368, 
			 365,  382,  376,  399,  404,  375,  379,  348, 
			 385,  386,  382,  374,  379,  384,  379,  380, 
			 359,  390,  376,  367,  370,  394,  401,  375, 
			 371,  351,  359,  352,  348,  342,  367,  357, 
		},
		{
			 137,  288,  313,  294,  397,  240,  238,  248, 
			 289,  339,  438,  381,  450,  440,  368,  363, 
			 356,  377,  388,  422,  460,  490,  430,  367, 
			 365,  367,  368,  404,  373,  401,  353,  381, 
			 341,  356,  368,  366,  377,  373,  363,  328, 
			 329,  345,  361,  365,  369,  357,  371,  330, 
			 327,  326,  345,  349,  351,  365,  350,  342, 
			 301,  324,  305,  324,  323,  333,  321,  281, 
		},
		{
			  82,   82,   82,   82,   82,   82,   82,   82, 
			 117,  137,  101,  131,  156,  158,  103,   56, 
			  53,   75,  103,   95,  112,  145,   89,   53, 
			  66,   88,   82,   95,  106,   90,   88,   53, 
			  48,   78,   75,   94,   92,   80,   89,   51, 
			  51,   75,   79,   73,   90,   69,  115,   70, 
			  45,   83,   64,   61,   73,  102,  126,   64, 
			  82,   82,   82,   82,   82,   82,   82,   82, 
		},
	},
	{
		{
			 -78,  -34,  -39,  -28,  -30,  -20,  -20,  -52, 
			 -28,  -14,  -11,   -7,   -8,    6,   17,    6, 
			 -22,   -7,    5,    0,   13,   16,   20,   10, 
			 -25,   -2,    5,   16,   18,   23,   17,    7, 
			 -39,  -10,    9,   28,   28,   31,   14,    4, 
			 -33,   -8,   19,   29,   33,   26,    9,   -3, 
			 -33,   -7,    9,   24,   22,   16,   -1,  -19, 
			 -34,  -29,  -18,   -9,  -36,  -11,  -30,  -57, 
		},
		{
			 948,  954,  946,  954,  921,  934,  937,  966, 
			 947,  955,  969, 1008,  996,  976,  982,  854, 
			 926,  946,  957,  956,  993,  940,  913,  919, 
			 933,  961,  956,  980,  997, 1002,  988,  952, 
			 937,  948,  954,  984,  968,  960,  956,  945, 
			 908,  905,  963,  943,  959,  952,  955,  926, 
			 936,  934,  924,  937,  927,  897,  889,  903, 
			 915,  913,  916,  877,  930,  911,  924,  888, 
		},
		{
			 512,  508,  500,  497,  486,  484,  502,  506, 
			 515,  527,  514,  503,  508,  501,  495,  493, 
			 515,  516,  511,  506,  499,  495,  494,  493, 
			 515,  512,  512,  506,  509,  505,  497,  493, 
			 509,  514,  516,  517,  510,  507,  495,  492, 
			 502,  507,  506,  505,  506,  504,  487,  493, 
			 507,  504,  514,  511,  506,  504,  499,  512, 
			 503,  514,  511,  517,  503,  499,  514,  482, 
		},
		{
			 275,  263,  269,  285,  290,  282,  268,  282, 
			 270,  281,  281,  271,  280,  263,  281,  245, 
			 289,  284,  278,  289,  272,  291,  281,  266, 
			 291,  296,  288,  296,  295,  286,  285,  271, 
			 277,  281,  298,  289,  291,  297,  275,  271, 
			 263,  281,  288,  295,  297,  286,  271,  265, 
			 273,  263,  272,  282,  287,  271,  271,  259, 
			 253,  273,  253,  279,  278,  273,  259,  264, 
		},
		{
			 249,  222,  248,  257,  233,  246,  249,  183, 
			 250,  260,  243,  260,  234,  242,  238,  223, 
			 244,  257,  285,  278,  253,  252,  247,  248, 
			 261,  284,  288,  298,  298,  285,  284,  251, 
			 261,  271,  289,  291,  296,  278,  261,  265, 
			 256,  272,  274,  284,  286,  272,  260,  246, 
			 243,  251,  265,  276,  268,  258,  253,  242, 
			 218,  241,  261,  267,  259,  263,  237,  248, 
		},
		{
			  94,   94,   94,   94,   94,   94,   94,   94, 
			 283,  280,  263,  228,  215,  232,  277,  275, 
			 204,  201,  185,  166,  153,  142,  178,  186, 
			 131,  120,  109,   95,   90,   98,  112,  117, 
			 111,  105,   87,   87,   88,   88,   96,   98, 
			 101,  101,   88,   97,   94,   95,   93,   93, 
			 113,  104,  108,  109,  104,   98,   93,   90, 
			  94,   94,   94,   94,   94,   94,   94,   94, 
		},
	},
	{26 24}
	{16 47}
}
Iteration: 11
Error: 0.0639313
{
	{
		{
			 148,   76,  110,   93,  116,  103,   64,   84, 
			  54,  124,   77,   53,   72,  109,   17,  -21, 
			  53,  122,   35,   62,    5,   72,   85,  -14, 
			   4,   15,   38,   -6,  -23,  -10,   -1,  -41, 
			  32,   28,    9,  -74,  -47,  -74,  -35,  -79, 
			  12,   18,  -66,  -77,  -83,  -56,  -17,  -38, 
			  38,  -16,  -31,  -83,  -64,  -33,   13,   11, 
			 -43,   24,   -2,  -69,   -2,  -36,   24,   23, 
		},
		{
			 994, 1025, 1062, 1084, 1120, 1112, 1029, 1024, 
			1012, 1007, 1012,  990, 1002, 1137, 1067, 1169, 
			1012, 1019, 1053, 1060, 1081, 1120, 1149, 1090, 
			1006, 1015, 1028, 1029, 1030, 1034, 1014, 1046, 
			1009, 1024, 1018, 1022, 1036, 1027, 1038, 1020, 
			1014, 1029, 1017, 1025, 1023, 1027, 1034, 1026, 
			1008, 1029, 1030, 1029, 1034, 1046, 1049, 1030, 
			1025, 1010, 1019, 1032, 1013,  998,  977, 1013, 
		},
		{
			 539,  540,  572,  576,  610,  617,  553,  522, 
			 501,  493,  532,  566,  526,  578,  581,  558, 
			 496,  497,  507,  527,  550,  560,  572,  545, 
			 463,  480,  503,  519,  496,  508,  521,  521, 
			 462,  459,  463,  477,  488,  475,  496,  477, 
			 450,  465,  474,  483,  479,  468,  502,  478, 
			 445,  467,  466,  470,  475,  479,  492,  420, 
			 464,  468,  485,  487,  491,  477,  447,  459, 
		},
		{
			 340,  329,  345,  294,  255,  327,  366,  327, 
			 347,  393,  365,  375,  393,  444,  390,  409, 
			 356,  378,  433,  397,  445,  425,  417,  411, 
			 345,  364,  395,  405,  399,  380,  372,  368, 
			 365,  382,  376,  399,  404,  375,  379,  348, 
			 385,  386,  382,  374,  379,  384,  379,  380, 
			 359,  390,  376,  367,  370,  394,  401,  375, 
			 371,  351,  359,  351,  348,  342,  367,  357, 
		},
		{
			 137,  288,  313,  294,  397,  240,  238,  248, 
			 289,  341,  438,  381,  450,  440,  368,  363, 
			 356,  377,  388,  422,  460,  495,  430,  367, 
			 365,  367,  368,  404,  373,  401,  353,  381, 
			 341,  357,  368,  366,  377,  373,  363,  328, 
			 329,  345,  361,  365,  369,  357,  371,  330, 
			 327,  326,  345,  349,  351,  365,  350,  342, 
			 301,  324,  305,  324,  323,  333,  321,  281, 
		},
		{
			  82,   82,   82,   82,   82,   82,   82,   82, 
			 117,  137,  101,  131,  161,  152,  103,   56, 
			  53,   75,  103,   95,  112,  145,   89,   53, 
			  66,   88,   82,   95,  106,   90,   88,   53, 
			  48,   78,   75,   94,   92,   80,   89,   51, 
			  51,   75,   79,   73,   90,   69,  115,   70, 
			  45,   83,   64,   61,   73,  102,  126,   64, 
			  82,   82,   82,   82,   82,   82,   82,   82, 
		},
	},
	{
		{
			 -78,  -34,  -39,  -28,  -30,  -20,  -20,  -52, 
			 -28,  -14,  -11,   -7,   -8,    6,   17,    6, 
			 -22,   -7,    5,    0,   13,   16,   20,   10, 
			 -25,   -2,    5,   16,   18,   23,   17,    7, 
			 -39,  -10,    9,   28,   28,   31,   14,    4, 
			 -33,   -8,   19,   29,   33,   26,    9,   -3, 
			 -33,   -7,   10,   24,   22,   16,   -1,  -19, 
			 -34,  -29,  -18,   -9,  -36,  -11,  -30,  -57, 
		},
		{
			 948,  954,  946,  950,  921,  934,  937,  966, 
			 947,  955,  969, 1008,  997,  973,  982,  854, 
			 926,  947,  957,  956,  993,  940,  913,  919, 
			 933,  961,  956,  980,  997,  998,  988,  952, 
			 937,  948,  954,  984,  968,  960,  956,  945, 
			 908,  905,  963,  943,  959,  952,  955,  926, 
			 936,  934,  924,  937,  927,  897,  889,  903, 
			 915,  913,  916,  877,  930,  911,  925,  888, 
		},
		{
			 512,  508,  500,  497,  486,  484,  502,  506, 
			 515,  527,  514,  503,  508,  501,  495,  493, 
			 515,  516,  511,  506,  499,  495,  494,  493, 
			 515,  512,  512,  506,  509,  505,  497,  493, 
			 509,  514,  516,  517,  510,  507,  495,  492, 
			 502,  507,  506,  505,  506,  504,  487,  493, 
			 507,  504,  514,  511,  506,  504,  499,  512, 
			 503,  514,  511,  517,  503,  499,  514,  482, 
		},
		{
			 275,  263,  269,  285,  290,  282,  268,  282, 
			 270,  281,  281,  271,  280,  263,  281,  245, 
			 289,  284,  278,  289,  272,  291,  281,  266, 
			 291,  296,  288,  296,  295,  286,  285,  271, 
			 277,  281,  298,  289,  291,  297,  275,  271, 
			 263,  281,  288,  295,  297,  286,  271,  265, 
			 273,  263,  272,  282,  287,  271,  271,  259, 
			 253,  273,  253,  279,  278,  273,  259,  264, 
		},
		{
			 249,  222,  248,  257,  233,  246,  249,  183, 
			 250,  260,  243,  260,  234,  242,  238,  223, 
			 244,  257,  285,  278,  253,  252,  247,  248, 
			 261,  284,  288,  298,  298,  285,  284,  251, 
			 261,  271,  289,  291,  296,  278,  261,  265, 
			 256,  272,  274,  284,  286,  272,  260,  246, 
			 243,  251,  265,  276,  268,  258,  253,  242, 
			 218,  241,  261,  267,  259,  263,  237,  248, 
		},
		{
			  94,   94,   94,   94,   94,   94,   94,   94, 
			 283,  280,  263,  228,  215,  232,  277,  275, 
			 204,  201,  185,  166,  153,  142,  178,  186, 
			 131,  120,  109,   95,   90,   98,  112,  117, 
			 111,  105,   87,   87,   88,   88,   96,   98, 
			 101,  101,   88,   97,   94,   95,   93,   93, 
			 113,  104,  108,  109,  104,   98,   93,   90, 
			  94,   94,   94,   94,   94,   94,   94,   94, 
		},
	},
	{26 24}
	{16 47}
}
Iteration: 12
Error: 0.0639312
{
	{
		{
			 148,   76,  110,   93,  116,  103,   64,   84, 
			  54,  124,   83,   53,   72,  109,   17,  -21, 
			  53,  122,   35,   62,    5,   72,   85,  -14, 
			   4,   15,   38,   -6,  -23,  -10,   -1,  -41, 
			  32,   28,    9,  -74,  -47,  -74,  -35,  -79, 
			  12,   18,  -66,  -77,  -83,  -56,  -17,  -38, 
			  33,  -16,  -31,  -83,  -64,  -33,   13,   11, 
			 -43,   24,   -2,  -69,   -2,  -36,   24,   23, 
		},
		{
			 994, 1025, 1062, 1088, 1120, 1112, 1029, 1024, 
			1012, 1007, 1014,  990, 1002, 1137, 1067, 1169, 
			1012, 1019, 1053, 1060, 1081, 1120, 1149, 1090, 
			1006, 1015, 1028, 1029, 1030, 1034, 1014, 1046, 
			1009, 1024, 1018, 1022, 1036, 1027, 1038, 1020, 
			1014, 1029, 1017, 1025, 1023, 1027, 1034, 1026, 
			1008, 1029, 1030, 1029, 1034, 1046, 1049, 1030, 
			1025, 1010, 1019, 1032, 1013,  998,  977, 1013, 
		},
		{
			 539,  540,  572,  576,  610,  617,  553,  522, 
			 501,  493,  532,  566,  526,  578,  581,  558, 
			 496,  497,  507,  527,  550,  560,  572,  545, 
			 463,  480,  503,  519,  496,  508,  521,  521, 
			 462,  459,  463,  477,  488,  475,  496,  477, 
			 450,  465,  474,  483,  479,  468,  502,  478, 
			 445,  467,  466,  470,  475,  479,  492,  420, 
			 464,  468,  485,  487,  491,  477,  447,  459, 
		},
		{
			 340,  329,  345,  298,  255,  326,  366,  327, 
			 347,  393,  365,  375,  393,  444,  390,  409, 
			 356,  378,  433,  397,  445,  425,  417,  411, 
			 345,  364,  395,  405,  399,  380,  372,  368, 
			 365,  382,  376,  399,  404,  375,  379,  348, 
			 385,  386,  382,  374,  379,  384,  379,  380, 
			 359,  390,  376,  367,  370,  394,  401,  375, 
			 371,  351,  359,  351,  347,  342,  367,  357, 
		},
		{
			 137,  293,  313,  294,  397,  240,  238,  248, 
			 290,  341,  438,  380,  450,  440,  368,  363, 
			 356,  377,  388,  422,  460,  495,  430,  367, 
			 365,  367,  368,  404,  373,  401,  353,  380, 
			 341,  357,  368,  366,  377,  373,  363,  328, 
			 329,  345,  361,  365,  369,  357,  371,  330, 
			 327,  326,  345,  349,  351,  365,  350,  342, 
			 301,  324,  305,  324,  323,  333,  321,  281, 
		},
		{
			  82,   82,   82,   82,   82,   82,   82,   82, 
			 117,  137,  101,  131,  161,  157,  103,   56, 
			  53,   75,  103,   95,  112,  145,   89,   53, 
			  66,   88,   82,   95,  106,   90,   88,   53, 
			  48,   78,   75,   94,   92,   80,   89,   51, 
			  51,   75,   79,   73,   90,   69,  115,   70, 
			  45,   83,   64,   61,   73,  102,  126,   64, 
			  82,   82,   82,   82,   82,   82,   82,   82, 
		},
	},
	{
		{
			 -78,  -34,  -39,  -28,  -30,  -20,  -20,  -52, 
			 -28,  -14,  -11,   -7,   -8,    6,   17,    6, 
			 -22,   -7,    5,    0,   12,   16,   20,   10, 
			 -25,   -2,    5,   16,   18,   23,   17,    7, 
			 -39,  -10,    9,   28,   28,   31,   14,    4, 
			 -33,   -8,   19,   29,   33,   26,    9,   -3, 
			 -33,   -7,   10,   24,   22,   16,   -1,  -19, 
			 -34,  -29,  -18,   -9,  -36,  -11,  -30,  -57, 
		},
		{
			 948,  954,  946,  950,  921,  934,  937,  966, 
			 947,  955,  969, 1008,  997,  973,  982,  854, 
			 926,  947,  957,  956,  993,  940,  913,  919, 
			 933,  961,  956,  980,  997,  998,  988,  952, 
			 937,  948,  954,  984,  968,  960,  956,  945, 
			 908,  905,  963,  943,  959,  952,  955,  926, 
			 936,  934,  924,  937,  927,  897,  889,  902, 
			 915,  913,  916,  877,  930,  911,  925,  888, 
		},
		{
			 512,  508,  500,  497,  486,  484,  502,  506, 
			 515,  527,  514,  503,  508,  501,  495,  493, 
			 515,  516,  511,  506,  499,  495,  494,  493, 
			 515,  512,  512,  506,  509,  505,  497,  493, 
			 509,  514,  516,  517,  510,  507,  495,  492, 
			 502,  507,  506,  505,  506,  504,  487,  493, 
			 507,  504,  514,  511,  506,  504,  499,  512, 
			 503,  514,  511,  517,  503,  499,  514,  482, 
		},
		{
			 275,  263,  268,  285,  290,  281,  268,  282, 
			 270,  281,  281,  271,  280,  263,  281,  245, 
			 289,  284,  278,  289,  272,  291,  280,  266, 
			 291,  296,  288,  296,  295,  286,  285,  271, 
			 277,  281,  298,  289,  291,  297,  275,  271, 
			 263,  281,  288,  295,  297,  286,  271,  265, 
			 273,  263,  272,  282,  287,  271,  271,  259, 
			 253,  273,  253,  279,  278,  273,  259,  264, 
		},
		{
			 249,  222,  248,  257,  233,  246,  249,  183, 
			 250,  260,  243,  261,  234,  242,  238,  223, 
			 244,  257,  285,  278,  253,  252,  242,  248, 
			 261,  284,  288,  298,  298,  285,  284,  251, 
			 261,  271,  289,  291,  296,  278,  261,  265, 
			 256,  272,  274,  284,  286,  272,  260,  246, 
			 243,  251,  265,  276,  268,  258,  253,  242, 
			 218,  241,  261,  267,  259,  263,  237,  248, 
		},
		{
			  94,   94,   94,   94,   94,   94,   94,   94, 
			 283,  280,  263,  228,  214,  232,  277,  275, 
			 204,  201,  185,  166,  153,  142,  178,  186, 
			 131,  120,  109,   95,   90,   98,  112,  117, 
			 111,  105,   87,   87,   88,   88,   96,   98, 
			 101,  101,   88,   97,   94,   95,   93,   93, 
			 113,  104,  108,  109,  104,   98,   93,   90, 
			  94,   94,   94,   94,   94,   94,   94,   94, 
		},
	},
	{26 24}
	{16 47}
}
Iteration: 13
Error: 0.0639312
{
	{
		{
			 148,   76,  110,   93,  116,  103,   65,   84, 
			  54,  124,   83,   53,   72,  109,   17,  -21, 
			  53,  122,   35,   62,    6,   72,   85,  -14, 
			   4,   15,   38,   -6,  -23,  -10,   -1,  -41, 
			  32,   28,    9,  -74,  -47,  -74,  -35,  -79, 
			  12,   18,  -66,  -77,  -83,  -56,  -17,  -38, 
			  38,  -16,  -31,  -83,  -64,  -33,   13,   11, 
			 -43,   24,   -2,  -69,   -2,  -36,   24,   23, 
		},
		{
			 994, 1025, 1062, 1088, 1120, 1112, 1029, 1024, 
			1012, 1007, 1014,  990, 1002, 1137, 1067, 1169, 
			1012, 1019, 1053, 1060, 1081, 1120, 1149, 1090, 
			1006, 1015, 1028, 1029, 1030, 1034, 1014, 1046, 
			1009, 1024, 1018, 1022, 1036, 1027, 1038, 1020, 
			1014, 1029, 1017, 1025, 1023, 1027, 1034, 1026, 
			1008, 1029, 1030, 1029, 1034, 1046, 1049, 1030, 
			1025, 1010, 1019, 1032, 1013,  998,  977, 1013, 
		},
		{
			 539,  540,  572,  576,  610,  617,  553,  522, 
			 501,  493,  532,  566,  526,  578,  581,  558, 
			 496,  497,  507,  527,  550,  560,  572,  545, 
			 463,  480,  503,  519,  496,  508,  521,  521, 
			 462,  459,  463,  477,  488,  475,  496,  477, 
			 450,  465,  474,  483,  479,  468,  502,  478, 
			 445,  467,  466,  470,  475,  479,  492,  420, 
			 464,  468,  485,  487,  491,  477,  447,  459, 
		},
		{
			 340,  329,  344,  298,  255,  325,  366,  327, 
			 347,  393,  365,  376,  393,  444,  390,  409, 
			 356,  378,  433,  397,  445,  425,  417,  411, 
			 345,  364,  395,  405,  399,  380,  372,  368, 
			 365,  382,  376,  399,  404,  375,  379,  348, 
			 385,  386,  382,  374,  379,  384,  379,  380, 
			 359,  390,  376,  367,  370,  394,  401,  375, 
			 371,  351,  359,  351,  347,  342,  367,  357, 
		},
		{
			 137,  288,  313,  294,  397,  240,  238,  248, 
			 290,  341,  438,  380,  450,  440,  368,  363, 
			 356,  377,  388,  422,  460,  495,  430,  367, 
			 365,  367,  368,  404,  373,  401,  353,  380, 
			 341,  357,  368,  366,  377,  373,  363,  328, 
			 329,  345,  361,  365,  369,  357,  371,  330, 
			 327,  326,  345,  349,  351,  365,  350,  342, 
			 301,  324,  305,  324,  323,  333,  321,  281, 
		},
		{
			  82,   82,   82,   82,   82,   82,   82,   82, 
			 117,  137,  101,  131,  161,  157,  103,   56, 
			  53,   75,  103,   95,  112,  145,   89,   53, 
			  66,   88,   82,   95,  106,   90,   88,   53, 
			  48,   78,   75,   94,   92,   80,   89,   51, 
			  51,   75,   79,   73,   90,   69,  115,   70, 
			  45,   83,   64,   61,   73,  102,  126,   64, 
			  82,   82,   82,   82,   82,   82,   82,   82, 
		},
	},
	{
		{
			 -78,  -34,  -39,  -28,  -30,  -20,  -20,  -52, 
			 -28,  -14,  -11,   -7,   -8,    6,   17,    7, 
			 -22,   -7,    5,    0,   12,   16,   20,   10, 
			 -25,   -2,    5,   16,   18,   23,   17,    7, 
			 -39,  -10,    9,   28,   28,   31,   14,    4, 
			 -33,   -8,   19,   29,   33,   26,    9,   -3, 
			 -33,   -7,   10,   24,   22,   16,   -1,  -19, 
			 -34,  -29,  -18,   -9,  -36,  -11,  -30,  -57, 
		},
		{
			 948,  954,  946,  950,  921,  934,  937,  966, 
			 947,  955,  969, 1008,  997,  973,  982,  854, 
			 926,  947,  957,  956,  993,  940,  913,  919, 
			 933,  961,  956,  980,  997,  998,  988,  952, 
			 937,  948,  954,  984,  968,  960,  956,  944, 
			 908,  905,  963,  943,  959,  952,  955,  926, 
			 936,  934,  924,  937,  927,  897,  889,  902, 
			 915,  913,  916,  877,  930,  911,  925,  888, 
		},
		{
			 512,  508,  500,  497,  486,  484,  502,  506, 
			 515,  527,  514,  503,  508,  501,  495,  493, 
			 515,  516,  511,  506,  499,  495,  494,  493, 
			 515,  512,  512,  506,  509,  505,  497,  493, 
			 509,  514,  516,  517,  510,  507,  495,  492, 
			 502,  507,  506,  505,  506,  504,  487,  493, 
			 507,  504,  514,  511,  506,  504,  499,  512, 
			 503,  514,  511,  517,  503,  499,  514,  482, 
		},
		{
			 275,  263,  268,  285,  290,  281,  268,  282, 
			 270,  281,  281,  271,  280,  263,  281,  245, 
			 289,  284,  278,  289,  272,  291,  280,  266, 
			 291,  296,  288,  296,  295,  286,  285,  271, 
			 277,  281,  298,  289,  291,  297,  275,  271, 
			 263,  281,  288,  295,  297,  286,  271,  265, 
			 273,  263,  272,  282,  287,  271,  271,  259, 
			 253,  273,  253,  279,  278,  273,  259,  264, 
		},
		{
			 249,  222,  248,  257,  233,  246,  249,  183, 
			 250,  260,  243,  261,  234,  242,  238,  223, 
			 244,  257,  285,  278,  253,  252,  242,  248, 
			 261,  284,  288,  298,  298,  285,  284,  251, 
			 261,  271,  289,  291,  296,  278,  261,  265, 
			 256,  272,  274,  284,  286,  272,  260,  246, 
			 243,  251,  265,  276,  268,  258,  253,  242, 
			 218,  241,  261,  267,  259,  263,  237,  248, 
		},
		{
			  94,   94,   94,   94,   94,   94,   94,   94, 
			 283,  280,  263,  228,  214,  232,  277,  275, 
			 204,  201,  185,  166,  153,  142,  178,  186, 
			 131,  120,  109,   95,   90,   98,  112,  117, 
			 111,  105,   87,   87,   88,   88,   96,   98, 
			 101,  101,   88,   97,   94,   95,   93,   93, 
			 113,  104,  108,  109,  104,   98,   93,   90, 
			  94,   94,   94,   94,   94,   94,   94,   94, 
		},
	},
	{26 24}
	{16 47}
}
Iteration: 14
Error: 0.0639312
{
	{
		{
			 148,   76,  110,   93,  116,  103,   65,   84, 
			  54,  128,   83,   53,   72,  109,   17,  -21, 
			  53,  122,   35,   62,    6,   72,   85,  -14, 
			   4,   15,   38,   -6,  -23,  -10,   -1,  -41, 
			  32,   28,    9,  -74,  -47,  -74,  -35,  -79, 
			  12,   18,  -66,  -77,  -83,  -56,  -17,  -38, 
			  38,  -16,  -31,  -83,  -64,  -33,   13,   11, 
			 -43,   24,   -2,  -69,   -2,  -36,   24,   23, 
		},
		{
			 994, 1025, 1062, 1088, 1120, 1112, 1029, 1024, 
			1012, 1007, 1014,  990, 1002, 1137, 1067, 1169, 
			1012, 1019, 1053, 1060, 1081, 1120, 1149, 1090, 
			1006, 1015, 1028, 1029, 1030, 1035, 1014, 1046, 
			1009, 1024, 1018, 1022, 1036, 1027, 1038, 1020, 
			1014, 1029, 1017, 1025, 1023, 1027, 1034, 1026, 
			1008, 1029, 1030, 1029, 1034, 1046, 1049, 1030, 
			1025, 1010, 1019, 1032, 1013,  998,  977, 1013, 
		},
		{
			 539,  540,  572,  576,  610,  617,  553,  522, 
			 501,  493,  532,  566,  526,  578,  581,  558, 
			 496,  497,  507,  527,  550,  560,  572,  545, 
			 463,  480,  503,  519,  496,  508,  521,  521, 
			 462,  459,  463,  477,  488,  475,  496,  477, 
			 450,  465,  474,  483,  479,  468,  502,  478, 
			 445,  467,  466,  470,  475,  479,  492,  420, 
			 464,  468,  485,  487,  491,  477,  447,  459, 
		},
		{
			 340,  329,  344,  298,  255,  325,  366,  327, 
			 347,  393,  365,  376,  393,  444,  390,  409, 
			 356,  378,  433,  397,  445,  425,  417,  411, 
			 345,  364,  395,  405,  399,  380,  372,  368, 
			 365,  382,  376,  399,  404,  375,  379,  348, 
			 385,  386,  382,  374,  379,  384,  379,  380, 
			 359,  390,  376,  367,  370,  394,  401,  375, 
			 371,  351,  359,  351,  347,  342,  367,  357, 
		},
		{
			 137,  293,  313,  294,  397,  240,  238,  248, 
			 290,  341,  438,  380,  450,  440,  368,  363, 
			 356,  377,  388,  422,  460,  495,  430,  367, 
			 365,  367,  368,  404,  373,  401,  353,  380, 
			 341,  357,  368,  366,  377,  373,  363,  328, 
			 329,  345,  361,  365,  369,  357,  371,  330, 
			 327,  326,  345,  349,  351,  365,  350,  342, 
			 301,  324,  305,  324,  323,  333,  321,  281, 
		},
		{
			  82,   82,   82,   82,   82,   82,   82,   82, 
			 117,  137,  101,  131,  161,  157,  103,   56, 
			  53,   75,  103,   95,  112,  145,   89,   53, 
			  66,   88,   82,   95,  106,   90,   88,   53, 
			  48,   78,   75,   94,   92,   80,   89,   51, 
			  51,   75,   79,   73,   90,   69,  115,   70, 
			  45,   83,   64,   61,   73,  102,  126,   64, 
			  82,   82,   82,   82,   82,   82,   82,   82, 
		},
	},
	{
		{
			 -78,  -34,  -39,  -28,  -30,  -20,  -20,  -52, 
			 -28,  -14,  -11,   -7,   -8,    6,   17,    7, 
			 -22,   -7,    5,    0,   12,   16,   20,   10, 
			 -25,   -2,    5,   16,   18,   23,   17,    7, 
			 -39,  -10,    9,   28,   28,   31,   14,    4, 
			 -33,   -8,   19,   29,   33,   26,    9,   -3, 
			 -33,   -7,   10,   24,   22,   16,   -1,  -19, 
			 -34,  -29,  -18,   -9,  -36,  -11,  -30,  -57, 
		},
		{
			 948,  954,  946,  950,  921,  934,  937,  966, 
			 947,  955,  969, 1008,  997,  973,  982,  854, 
			 926,  947,  957,  956,  993,  940,  913,  919, 
			 933,  961,  956,  980,  997,  998,  988,  952, 
			 937,  948,  954,  984,  968,  960,  956,  944, 
			 908,  905,  963,  943,  959,  952,  955,  926, 
			 936,  934,  924,  937,  927,  897,  889,  902, 
			 915,  913,  916,  877,  930,  911,  924,  888, 
		},
		{
			 512,  508,  500,  497,  486,  484,  502,  506, 
			 515,  527,  514,  503,  508,  501,  495,  493, 
			 515,  516,  511,  506,  499,  495,  494,  493, 
			 515,  512,  512,  506,  509,  505,  497,  493, 
			 509,  514,  516,  517,  510,  507,  495,  492, 
			 502,  507,  506,  505,  506,  504,  487,  493, 
			 507,  504,  514,  511,  506,  504,  499,  512, 
			 503,  514,  511,  517,  503,  499,  514,  482, 
		},
		{
			 275,  263,  268,  285,  290,  281,  268,  282, 
			 270,  281,  281,  271,  280,  263,  281,  245, 
			 289,  284,  278,  289,  272,  291,  280,  266, 
			 291,  296,  288,  296,  295,  286,  285,  271, 
			 277,  281,  298,  289,  291,  297,  275,  271, 
			 263,  281,  288,  295,  297,  286,  271,  265, 
			 273,  263,  272,  282,  287,  271,  271,  259, 
			 253,  273,  253,  279,  278,  273,  259,  264, 
		},
		{
			 249,  222,  248,  257,  233,  246,  249,  183, 
			 250,  260,  243,  261,  234,  242,  238,  223, 
			 244,  257,  285,  278,  253,  252,  242,  248, 
			 261,  284,  288,  298,  298,  285,  284,  251, 
			 261,  271,  289,  291,  296,  278,  261,  265, 
			 256,  272,  274,  284,  286,  272,  260,  246, 
			 243,  251,  265,  276,  268,  258,  253,  242, 
			 218,  241,  261,  267,  259,  263,  237,  248, 
		},
		{
			  94,   94,   94,   94,   94,   94,   94,   94, 
			 283,  280,  263,  228,  214,  232,  277,  275, 
			 204,  201,  185,  166,  153,  142,  178,  186, 
			 131,  120,  109,   95,   90,   98,  112,  117, 
			 111,  105,   87,   87,   88,   88,   96,   98, 
			 101,  101,   88,   97,   94,   95,   93,   93, 
			 113,  104,  108,  109,  104,   98,   93,   90, 
			  94,   94,   94,   94,   94,   94,   94,   94, 
		},
	},
	{26 24}
	{16 47}
}
Iteration: 15
Error: 0.0639312
{
	{
		{
			 148,   76,  110,   93,  116,  103,   65,   85, 
			  54,  128,   83,   53,   72,  109,   17,  -21, 
			  53,  122,   35,   62,    6,   72,   85,  -14, 
			   4,   15,   38,   -6,  -23,  -10,   -1,  -41, 
			  32,   28,    9,  -74,  -47,  -74,  -35,  -79, 
			  12,   18,  -66,  -77,  -83,  -56,  -17,  -38, 
			  38,  -16,  -31,  -83,  -64,  -33,   13,   11, 
			 -43,   24,   -2,  -69,   -2,  -36,   24,   23, 
		},
		{
			 994, 1025, 1062, 1088, 1120, 1112, 1029, 1024, 
			1012, 1007, 1014,  990, 1002, 1137, 1067, 1169, 
			1012, 1019, 1053, 1060, 1081, 1120, 1149, 1090, 
			1006, 1015, 1028, 1029, 1030, 1035, 1014, 1046, 
			1009, 1024, 1018, 1022, 1036, 1027, 1038, 1020, 
			1014, 1029, 1017, 1025, 1023, 1027, 1034, 1026, 
			1008, 1029, 1030, 1029, 1034, 1046, 1049, 1030, 
			1025, 1010, 1019, 1032, 1013,  998,  977, 1013, 
		},
		{
			 539,  540,  572,  576,  610,  617,  553,  522, 
			 501,  493,  532,  566,  526,  578,  581,  558, 
			 496,  497,  507,  527,  550,  560,  572,  545, 
			 463,  480,  503,  519,  496,  508,  521,  521, 
			 462,  459,  463,  477,  488,  475,  496,  477, 
			 450,  465,  474,  483,  479,  468,  502,  478, 
			 445,  467,  466,  470,  475,  479,  492,  420, 
			 464,  468,  485,  487,  491,  477,  447,  459, 
		},
		{
			 340,  329,  344,  298,  255,  325,  366,  327, 
			 347,  393,  365,  376,  393,  444,  390,  409, 
			 356,  378,  433,  397,  445,  425,  417,  411, 
			 345,  364,  395,  405,  399,  380,  372,  368, 
			 365,  382,  376,  399,  404,  375,  379,  348, 
			 385,  386,  382,  374,  379,  384,  379,  380, 
			 359,  390,  376,  367,  370,  394,  401,  375, 
			 371,  351,  359,  351,  347,  342,  367,  357, 
		},
		{
			 137,  293,  313,  294,  397,  240,  238,  248, 
			 290,  341,  438,  380,  450,  440,  368,  363, 
			 356,  377,  388,  422,  460,  495,  430,  367, 
			 365,  367,  368,  404,  373,  401,  353,  380, 
			 341,  357,  368,  366,  377,  373,  363,  328, 
			 329,  345,  361,  365,  369,  357,  371,  330, 
			 327,  326,  345,  349,  351,  365,  350,  342, 
			 301,  324,  305,  324,  323,  333,  321,  281, 
		},
		{
			  82,   82,   82,   82,   82,   82,   82,   82, 
			 117,  137,  101,  131,  161,  157,  103,   56, 
			  53,   75,  103,   95,  112,  145,   89,   53, 
			  66,   88,   82,   95,  106,   90,   88,   53, 
			  48,   78,   75,   94,   92,   80,   89,   51, 
			  51,   75,   79,   73,   90,   69,  115,   70, 
			  45,   83,   64,   61,   73,  102,  126,   64, 
			  82,   82,   82,   82,   82,   82,   82,   82, 
		},
	},
	{
		{
			 -78,  -34,  -39,  -28,  -30,  -20,  -20,  -52, 
			 -28,  -14,  -11,   -7,   -8,    6,   17,    7, 
			 -22,   -7,    5,    0,   12,   16,   20,   10, 
			 -25,   -2,    5,   16,   18,   23,   17,    7, 
			 -39,  -10,    9,   28,   28,   31,   14,    4, 
			 -33,   -8,   19,   29,   33,   26,    9,   -3, 
			 -33,   -7,   10,   24,   22,   16,   -1,  -19, 
			 -34,  -29,  -18,   -9,  -36,  -11,  -30,  -57, 
		},
		{
			 948,  954,  946,  950,  921,  934,  937,  966, 
			 947,  955,  969, 1008,  997,  973,  982,  854, 
			 926,  947,  957,  956,  993,  940,  913,  919, 
			 933,  961,  956,  980,  997,  998,  988,  952, 
			 937,  948,  954,  984,  968,  960,  956,  944, 
			 908,  905,  963,  943,  959,  952,  955,  926, 
			 936,  934,  924,  937,  927,  897,  889,  902, 
			 915,  913,  916,  877,  930,  911,  924,  888, 
		},
		{
			 512,  508,  500,  497,  486,  484,  502,  506, 
			 515,  527,  514,  503,  508,  501,  495,  493, 
			 515,  516,  511,  506,  499,  495,  494,  493, 
			 515,  512,  512,  506,  509,  505,  497,  493, 
			 509,  514,  516,  517,  510,  507,  495,  492, 
			 502,  507,  506,  505,  506,  504,  487,  493, 
			 507,  504,  514,  511,  506,  504,  499,  512, 
			 503,  514,  511,  517,  503,  499,  514,  482, 
		},
		{
			 275,  263,  268,  285,  290,  281,  268,  282, 
			 270,  281,  281,  271,  280,  263,  281,  245, 
			 289,  284,  278,  289,  272,  291,  280,  266, 
			 291,  296,  288,  296,  295,  286,  285,  271, 
			 277,  281,  298,  289,  291,  297,  275,  271, 
			 263,  281,  288,  295,  297,  286,  271,  265, 
			 273,  263,  272,  282,  287,  271,  271,  259, 
			 253,  273,  253,  279,  278,  273,  259,  264, 
		},
		{
			 249,  222,  248,  257,  233,  246,  249,  183, 
			 250,  260,  243,  261,  234,  242,  238,  223, 
			 244,  257,  285,  278,  253,  252,  242,  248, 
			 261,  284,  288,  298,  298,  285,  284,  251, 
			 261,  271,  289,  291,  296,  278,  261,  265, 
			 256,  272,  274,  284,  286,  272,  260,  246, 
			 243,  251,  265,  276,  268,  258,  253,  242, 
			 218,  241,  261,  267,  259,  263,  237,  248, 
		},
		{
			  94,   94,   94,   94,   94,   94,   94,   94, 
			 283,  280,  263,  228,  214,  232,  277,  275, 
			 204,  201,  185,  166,  153,  142,  178,  186, 
			 131,  120,  109,   95,   90,   98,  112,  117, 
			 111,  105,   87,   87,   88,   88,   96,   98, 
			 101,  101,   88,   97,   94,   95,   93,   93, 
			 113,  104,  108,  109,  104,   98,   93,   90, 
			  94,   94,   94,   94,   94,   94,   94,   94, 
		},
	},
	{26 24}
	{16 47}
}
Iteration: 16
Error: 0.0639312
{
	{
		{
			 148,   76,  110,   93,  116,  103,   65,   85, 
			  54,  128,   83,   53,   72,  109,   17,  -21, 
			  53,  122,   35,   62,    6,   72,   85,  -14, 
			   4,   15,   38,   -6,  -23,  -10,   -1,  -41, 
			  32,   28,    9,  -74,  -47,  -74,  -35,  -79, 
			  12,   18,  -66,  -77,  -83,  -56,  -17,  -38, 
			  38,  -16,  -31,  -83,  -64,  -33,   13,   11, 
			 -43,   24,   -2,  -69,   -2,  -36,   24,   23, 
		},
		{
			 994, 1025, 1062, 1088, 1120, 1112, 1029, 1024, 
			1012, 1007, 1014,  990, 1002, 1137, 1067, 1169, 
			1012, 1019, 1053, 1060, 1081, 1120, 1149, 1090, 
			1006, 1015, 1028, 1029, 1030, 1035, 1014, 1046, 
			1009, 1024, 1018, 1022, 1036, 1027, 1038, 1020, 
			1014, 1029, 1017, 1025, 1023, 1027, 1034, 1026, 
			1008, 1029, 1030, 1029, 1034, 1046, 1049, 1030, 
			1025, 1010, 1019, 1032, 1013,  998,  977, 1013, 
		},
		{
			 539,  540,  572,  576,  610,  617,  553,  522, 
			 501,  493,  532,  566,  526,  578,  581,  558, 
			 496,  497,  507,  527,  550,  560,  572,  545, 
			 463,  480,  503,  519,  496,  508,  521,  521, 
			 462,  459,  463,  477,  488,  475,  496,  477, 
			 450,  465,  474,  483,  479,  468,  502,  478, 
			 445,  467,  466,  470,  475,  479,  492,  420, 
			 464,  468,  485,  487,  491,  477,  447,  459, 
		},
		{
			 340,  329,  344,  298,  255,  325,  366,  327, 
			 347,  393,  365,  376,  393,  444,  390,  409, 
			 356,  378,  433,  397,  445,  425,  417,  411, 
			 345,  364,  395,  405,  399,  380,  372,  368, 
			 365,  382,  376,  399,  404,  375,  379,  348, 
			 385,  386,  382,  374,  379,  384,  379,  380, 
			 359,  390,  376,  367,  370,  394,  401,  375, 
			 371,  351,  359,  351,  347,  342,  367,  357, 
		},
		{
			 137,  293,  313,  294,  397,  240,  238,  248, 
			 290,  341,  438,  380,  450,  440,  368,  363, 
			 356,  377,  388,  422,  460,  495,  430,  367, 
			 365,  367,  368,  404,  373,  401,  353,  380, 
			 341,  357,  368,  366,  377,  373,  363,  328, 
			 329,  345,  361,  365,  369,  357,  371,  330, 
			 327,  326,  345,  349,  351,  365,  350,  342, 
			 301,  324,  305,  324,  323,  333,  321,  281, 
		},
		{
			  82,   82,   82,   82,   82,   82,   82,   82, 
			 117,  137,  101,  131,  161,  157,  103,   56, 
			  53,   75,  103,   95,  112,  145,   89,   53, 
			  66,   88,   82,   95,  106,   90,   88,   53, 
			  48,   78,   75,   94,   92,   80,   89,   51, 
			  51,   75,   79,   73,   90,   69,  115,   70, 
			  45,   83,   64,   61,   73,  102,  126,   64, 
			  82,   82,   82,   82,   82,   82,   82,   82, 
		},
	},
	{
		{
			 -78,  -34,  -39,  -28,  -30,  -20,  -20,  -52, 
			 -28,  -14,  -11,   -7,   -8,    6,   17,    7, 
			 -22,   -7,    5,    0,   12,   16,   20,   10, 
			 -25,   -2,    5,   16,   18,   23,   17,    7, 
			 -39,  -10,    9,   28,   28,   31,   14,    4, 
			 -33,   -8,   19,   29,   33,   26,    9,   -3, 
			 -33,   -7,   10,   24,   22,   16,   -1,  -19, 
			 -34,  -29,  -18,   -9,  -36,  -11,  -30,  -57, 
		},
		{
			 948,  954,  946,  950,  921,  934,  937,  966, 
			 947,  955,  969, 1008,  997,  973,  982,  854, 
			 926,  947,  957,  956,  993,  940,  913,  919, 
			 933,  961,  956,  980,  997,  998,  988,  952, 
			 937,  948,  954,  984,  968,  960,  956,  944, 
			 908,  905,  963,  943,  959,  952,  955,  926, 
			 936,  934,  924,  937,  927,  897,  889,  902, 
			 915,  913,  916,  877,  930,  911,  924,  888, 
		},
		{
			 512,  508,  500,  497,  486,  484,  502,  506, 
			 515,  527,  514,  503,  508,  501,  495,  493, 
			 515,  516,  511,  506,  499,  495,  494,  493, 
			 515,  512,  512,  506,  509,  505,  497,  493, 
			 509,  514,  516,  517,  510,  507,  495,  492, 
			 502,  507,  506,  505,  506,  504,  487,  493, 
			 507,  504,  514,  511,  506,  504,  499,  512, 
			 503,  514,  511,  517,  503,  499,  514,  482, 
		},
		{
			 275,  263,  268,  285,  290,  281,  268,  282, 
			 270,  281,  281,  271,  280,  263,  281,  245, 
			 289,  284,  278,  289,  272,  291,  280,  266, 
			 291,  296,  288,  296,  295,  286,  285,  271, 
			 277,  281,  298,  289,  291,  297,  275,  271, 
			 263,  281,  288,  295,  297,  286,  271,  265, 
			 273,  263,  272,  282,  287,  271,  271,  259, 
			 253,  273,  253,  279,  278,  273,  259,  264, 
		},
		{
			 249,  222,  248,  257,  233,  246,  249,  183, 
			 250,  260,  243,  261,  234,  242,  238,  223, 
			 244,  257,  285,  278,  253,  252,  242,  248, 
			 261,  284,  288,  298,  298,  285,  284,  251, 
			 261,  271,  289,  291,  296,  278,  261,  265, 
			 256,  272,  274,  284,  286,  272,  260,  246, 
			 243,  251,  265,  276,  268,  258,  253,  242, 
			 218,  241,  261,  267,  259,  263,  237,  248, 
		},
		{
			  94,   94,   94,   94,   94,   94,   94,   94, 
			 283,  280,  263,  228,  214,  232,  277,  275, 
			 204,  201,  185,  166,  153,  142,  178,  186, 
			 131,  120,  109,   95,   90,   98,  112,  117, 
			 111,  105,   87,   87,   88,   88,   96,   98, 
			 101,  101,   88,   97,   94,   95,   93,   93, 
			 113,  104,  108,  109,  104,   98,   93,   90, 
			  94,   94,   94,   94,   94,   94,   94,   94, 
		},
	},
	{26 24}
	{16 47}
}
