Iteration: 1
Error: 0.0657395
{
	{ 0, 31, 17, 16, 8, 0 },
	{ 0, 797, 375, 298, 268, 73 },
	{ 0, 755, 406, 222, 203, 102 },
	{
		{
			  10,   43,    7,   19,   51,   34,   76,   14, 
			 -26,   26,  -16,   19,   19,   60,    7,  -25, 
			 -34,   31,  -15,   18,    6,   44,   58,   -4, 
			 -82,  -74,  -42,  -53,  -64,  -46,  -35,  -34, 
			 -71,  -45,  -78, -106,  -83,  -73,  -45,  -66, 
			 -54,  -25,  -65,  -80,  -82,  -50,  -30,  -41, 
			  -3,  -23,  -35,  -66,  -61,  -37,    3,    6, 
			 -25,    7,  -13,  -44,    1,  -32,   24,   12, 
		},
		{
			 -25,   -8,   25,   43,   43,   61,   -1,    6, 
			 -13,  -29,  -26,  -40,  -36,   85,   36,   81, 
			 -19,  -14,    5,    1,   39,   67,   98,   55, 
			 -37,  -23,  -18,  -13,   -6,   17,  -16,   10, 
			 -14,  -17,  -15,  -10,   -8,  -11,   -1,   -1, 
			 -22,    4,   -7,   -5,  -12,   -3,    8,   -7, 
			  -9,   11,   12,   -3,   -3,    2,   -8,  -14, 
			   4,  -12,   -9,    3,   -8,  -24,  -45,  -18, 
		},
		{
			  40,   44,   26,   48,   51,   16,   16,    5, 
			   9,    7,   43,   54,   28,   59,   34,    9, 
			  -3,   12,   10,   18,   32,   33,   33,   11, 
			 -29,  -13,   -1,   14,   -5,    0,    0,   -1, 
			 -32,  -25,  -29,  -11,  -14,  -30,  -27,  -24, 
			 -41,  -22,  -18,  -14,  -17,  -25,  -22,  -28, 
			 -48,  -19,  -20,  -21,  -20,  -25,  -24,  -63, 
			 -24,  -19,   -6,    1,   -1,  -13,  -43,  -26, 
		},
		{
			 -11,  -39,  -36,  -31,  -61,  -25,   -4,  -15, 
			 -28,    6,   -8,   -3,   13,   42,   19,   12, 
			 -13,    6,   34,   20,   55,   43,   55,   30, 
			 -22,   -9,    2,   18,   20,    8,   -4,   -6, 
			 -14,    2,    1,   12,   17,    0,   -1,  -20, 
			   9,   11,    8,    3,   -1,    6,    3,    4, 
			 -12,   12,    4,   -6,   -3,   -2,   20,    8, 
			  -7,  -17,  -12,  -14,  -21,  -17,  -19,  -19, 
		},
		{
			-138,  -70,  -34,  -30,   14,  -80,  -65,  -81, 
			 -51,  -22,   58,   17,   53,   69,   10,    5, 
			   3,   20,   25,   55,   79,   84,   72,   18, 
			  17,   11,   11,   42,   18,   41,    8,   33, 
			  -9,    0,   12,   12,   18,   18,    7,   -5, 
			 -15,    0,   12,   12,   16,   12,   20,   -8, 
			 -20,  -23,    2,    4,   -2,    4,    6,    0, 
			 -46,  -15,  -37,  -21,  -16,   -8,  -15,  -51, 
		},
		{
			 -13,  -13,  -13,  -13,  -13,  -13,  -13,  -13, 
			   1,   16,   10,   22,   32,   35,    1,  -50, 
			 -29,  -14,   15,   -2,   15,   15,  -22,  -40, 
			 -20,    2,   -9,    2,   -3,  -13,  -24,  -46, 
			 -36,   -7,   -9,    0,   -8,  -28,  -33,  -58, 
			 -31,  -11,   -9,  -15,   -9,  -33,   -5,  -32, 
			 -33,   -4,  -18,  -25,  -22,   -6,    3,  -33, 
			 -13,  -13,  -13,  -13,  -13,  -13,  -13,  -13, 
		},
	},
	{
		{
			 -46,  -27,  -18,  -22,  -20,  -11,  -21,  -35, 
			 -12,    0,    2,   -6,   -2,    7,   10,    2, 
			  -6,    3,    6,    0,    5,   12,   12,    3, 
			 -11,    8,   11,   15,   16,   19,   15,    0, 
			 -17,    0,   16,   25,   24,   22,    7,   -5, 
			 -19,   -4,   13,   22,   22,   14,    3,   -9, 
			 -28,   -8,    5,   14,   15,    9,   -5,  -17, 
			 -35,  -26,  -14,  -15,  -35,  -14,  -36,  -49, 
		},
		{
			  -5,    4,   -1,    4,    0,   -6,   -6,    4, 
			 -10,    1,   18,   49,   41,   23,   15,  -40, 
			 -18,   -8,   14,   22,   32,    5,  -22,  -18, 
			  -5,   15,    5,   28,   35,   22,   34,    5, 
			 -18,    7,    9,   22,   23,   16,   14,  -19, 
			 -27,  -45,    2,   -3,   13,    5,   -9,  -20, 
			 -31,  -32,  -47,   -9,   -2,  -28,  -19,  -16, 
			 -39,  -38,  -30,  -44,  -23,  -30,  -24,  -42, 
		},
		{
			   2,   -1,    4,   -5,   -7,   -1,   -5,   -2, 
			   3,    7,   -2,   -6,   -6,   -7,   -6,   -6, 
			   3,   -1,   -2,   -4,   -8,   -7,   -7,   -9, 
			   2,    0,    2,   -3,   -1,   -1,   -6,  -10, 
			  -2,   -1,    3,    0,   -2,    1,   -7,  -15, 
			  -6,   -6,   -5,   -4,   -4,   -6,  -13,  -11, 
			  -2,   -6,   -4,   -3,   -2,    2,   -6,   -2, 
			  -5,    1,   -2,    3,   -3,   -2,    6,  -18, 
		},
		{
			 -12,  -14,   -6,    0,    1,   -4,  -15,   -6, 
			  -4,   -3,   -1,   -8,   -4,  -16,   -8,  -25, 
			   6,    1,   -4,    7,  -10,    5,  -11,  -12, 
			   8,   13,    9,    9,    9,    4,    9,   -9, 
			  -4,    3,   14,   12,    6,   17,   -1,  -12, 
			 -16,   -2,    6,   12,   18,    6,   -7,  -12, 
			 -12,  -12,  -12,    5,    6,    3,   -6,  -22, 
			 -22,  -10,  -16,   -3,   -3,  -16,  -17,  -13, 
		},
		{
			 -22,  -26,   -5,   -6,  -18,  -13,  -22,  -64, 
			 -10,   -4,  -17,    1,  -12,  -21,  -19,  -33, 
			 -12,   -2,   16,   12,   -6,    2,  -17,  -14, 
			  -4,   15,   22,   26,   27,   20,   15,  -11, 
			   1,   11,   24,   23,   28,   17,    2,   -4, 
			  -9,    1,    8,   21,   20,    3,   -5,  -24, 
			 -19,   -9,   -7,    0,   11,    5,  -16,  -22, 
			 -37,  -21,   -5,    1,  -12,   -3,  -27,  -22, 
		},
		{
			 -26,  -26,  -26,  -26,  -26,  -26,  -26,  -26, 
			 122,  116,  102,   74,   68,   82,  110,  111, 
			  55,   55,   35,   26,   14,   15,   40,   44, 
			  -4,  -12,  -20,  -32,  -28,  -25,  -11,   -9, 
			 -20,  -26,  -39,  -38,  -34,  -32,  -23,  -23, 
			 -27,  -25,  -37,  -27,  -27,  -26,  -25,  -27, 
			 -19,  -23,  -24,  -19,  -19,  -21,  -21,  -25, 
			 -26,  -26,  -26,  -26,  -26,  -26,  -26,  -26, 
		},
	},
}
Iteration: 2
Error: 0.0655387
{
	{ 0, 34, 18, 16, 8, 0 },
	{ 0, 786, 378, 304, 270, 74 },
	{ 0, 756, 400, 219, 201, 103 },
	{
		{
			  37,   38,   28,   30,   54,   40,   71,   14, 
			 -26,   36,    0,   19,   15,   55,   -3,  -40, 
			 -18,   56,    1,   23,   -9,   34,   44,  -28, 
			 -57,  -53,  -12,  -33,  -50,  -35,  -30,  -34, 
			 -38,  -26,  -53,  -91,  -71,  -73,  -40,  -64, 
			 -28,  -11,  -64,  -72,  -72,  -48,  -20,  -35, 
			  12,  -23,  -31,  -67,  -55,  -31,    4,    7, 
			 -40,   12,   -8,  -50,    1,  -32,   23,   18, 
		},
		{
			 -25,  -18,   21,   37,   43,   62,   -1,   -5, 
			 -23,  -32,  -31,  -47,  -35,   74,   31,   92, 
			 -20,  -20,   -1,    8,   34,   60,   98,   49, 
			 -32,  -23,  -12,  -12,   -5,   11,  -16,   10, 
			 -17,  -16,  -14,   -8,   -4,  -11,    3,   -6, 
			 -16,    2,   -8,   -5,  -11,    1,    8,   -5, 
			 -14,    5,    6,   -3,   -2,    8,    3,   -4, 
			  -2,  -12,   -9,    3,  -11,  -23,  -45,  -13, 
		},
		{
			  36,   38,   35,   48,   66,   36,   22,    5, 
			   3,   -4,   33,   54,   28,   54,   51,   24, 
			  -9,    2,    9,   20,   32,   34,   37,   26, 
			 -29,  -13,    4,   14,   -4,    6,    7,    9, 
			 -32,  -31,  -27,  -11,  -13,  -25,  -11,  -19, 
			 -38,  -22,  -15,   -8,  -13,  -18,   -6,  -17, 
			 -43,  -20,  -20,  -16,  -20,  -19,  -10,  -58, 
			 -22,  -18,   -4,   -2,   -3,  -13,  -42,  -26, 
		},
		{
			 -12,  -39,  -21,  -37,  -75,  -20,  -11,  -31, 
			 -35,    2,  -15,   -7,   11,   49,   14,   23, 
			 -19,   -1,   34,   11,   51,   38,   51,   29, 
			 -27,   -9,    3,   17,   16,    5,   -4,   -6, 
			 -15,   -5,    1,   12,   19,    0,    4,  -24, 
			   6,    8,    3,    3,    3,    8,    1,    5, 
			 -13,   12,    4,   -6,   -3,   10,   22,    1, 
			  -3,  -18,  -11,  -14,  -21,  -19,   -7,  -15, 
		},
		{
			-159,  -65,  -32,  -41,   19,  -75,  -80,  -76, 
			 -56,  -22,   58,   18,   64,   69,   20,   10, 
			  -7,   15,   24,   52,   74,   94,   67,   12, 
			  12,   11,   11,   41,   19,   41,    6,   27, 
			  -9,    0,   13,   12,   18,   17,   11,  -13, 
			 -14,   -2,   13,   11,   17,   12,   20,  -14, 
			 -15,  -18,    1,    4,    1,   10,    6,   -3, 
			 -40,  -15,  -37,  -20,  -19,  -13,  -17,  -56, 
		},
		{
			 -13,  -13,  -13,  -13,  -13,  -13,  -13,  -13, 
			  -6,    2,   -9,   18,   31,   35,   -8,  -31, 
			 -35,  -25,    0,   -8,    8,   21,  -16,  -45, 
			 -20,   -4,  -14,   -4,   -1,  -13,  -24,  -47, 
			 -36,  -11,  -13,   -2,   -8,  -25,  -29,  -58, 
			 -30,  -14,  -10,  -18,   -8,  -33,   -5,  -33, 
			 -33,   -6,  -21,  -27,  -20,   -3,    7,  -32, 
			 -13,  -13,  -13,  -13,  -13,  -13,  -13,  -13, 
		},
	},
	{
		{
			 -52,  -26,  -24,  -22,  -20,  -12,  -20,  -34, 
			 -12,   -2,   -2,   -6,   -2,    8,   13,    3, 
			 -12,   -1,    4,    2,    8,   12,   14,    8, 
			 -15,    4,    8,   14,   15,   19,   15,    2, 
			 -24,   -3,   14,   23,   24,   23,    8,   -3, 
			 -24,   -6,   13,   21,   24,   16,    4,   -6, 
			 -28,   -7,    5,   17,   15,    9,   -5,  -20, 
			 -29,  -26,  -14,  -12,  -33,  -14,  -36,  -53, 
		},
		{
			  -9,    4,   -6,    3,   -5,  -16,  -13,    9, 
			 -11,    1,   19,   49,   41,   21,   11,  -55, 
			 -24,   -2,   15,   17,   28,    1,  -32,  -23, 
			 -15,   11,    1,   23,   35,   22,   25,    0, 
			 -12,    2,    5,   23,   17,   11,    3,   -9, 
			 -32,  -40,    2,   -6,   12,   -6,   -9,  -26, 
			 -26,  -24,  -32,   -6,    0,  -34,  -30,  -31, 
			 -33,  -38,  -26,  -44,  -19,  -30,  -24,  -47, 
		},
		{
			   2,    1,    3,   -4,  -11,   -8,   -6,   -1, 
			   3,   13,    2,   -6,   -5,   -7,  -11,  -12, 
			   3,    1,   -1,   -4,   -8,  -11,  -11,  -15, 
			   3,    0,    2,   -4,    0,   -5,  -11,  -13, 
			   0,    4,    4,    0,    2,   -1,  -11,  -15, 
			  -6,   -4,   -5,   -4,   -4,   -7,  -13,  -17, 
			  -3,   -6,   -1,   -3,   -2,    2,   -8,   -1, 
			  -5,    1,   -2,    3,   -3,   -2,    4,  -18, 
		},
		{
			 -15,  -14,  -15,   -2,    2,   -8,  -13,   -5, 
			  -5,   -3,    1,   -7,   -4,  -21,   -9,  -36, 
			   3,    3,   -4,    8,  -10,    5,  -11,  -12, 
			   7,   13,    9,   12,    9,    1,    9,   -9, 
			  -4,    3,   14,    7,    7,   17,   -6,   -6, 
			 -13,   -2,    6,   12,   18,    6,   -7,  -18, 
			  -8,  -12,  -12,    5,    6,   -4,   -6,  -22, 
			 -27,   -9,  -16,   -3,   -4,  -16,  -22,  -13, 
		},
		{
			 -13,  -31,   -9,   -5,  -23,  -18,  -17,  -70, 
			 -12,   -4,  -17,   -1,  -20,  -21,  -25,  -33, 
			 -10,   -4,   16,   12,   -6,   -5,  -18,  -15, 
			  -6,   15,   21,   26,   27,   20,   15,  -10, 
			   2,   11,   23,   23,   28,   17,    2,    2, 
			  -9,    5,    8,   21,   20,    3,   -5,  -14, 
			 -20,   -8,   -6,    0,    7,   -1,  -13,  -22, 
			 -37,  -21,   -6,    1,   -7,   -1,  -27,  -22, 
		},
		{
			 -26,  -26,  -26,  -26,  -26,  -26,  -26,  -26, 
			 123,  116,  105,   74,   67,   75,  111,  107, 
			  56,   55,   41,   26,   14,    9,   35,   44, 
			  -4,  -12,  -20,  -28,  -28,  -25,  -11,   -9, 
			 -20,  -24,  -39,  -38,  -34,  -32,  -23,  -23, 
			 -27,  -25,  -37,  -27,  -27,  -26,  -25,  -27, 
			 -19,  -23,  -24,  -19,  -19,  -21,  -21,  -25, 
			 -26,  -26,  -26,  -26,  -26,  -26,  -26,  -26, 
		},
	},
}
Iteration: 3
Error: 0.0654654
{
	{ 0, 34, 18, 16, 8, 0 },
	{ 0, 786, 383, 307, 273, 75 },
	{ 0, 756, 395, 217, 199, 102 },
	{
		{
			  67,   42,   49,   35,   54,   40,   54,   34, 
			  -8,   56,   22,   25,    8,   57,   -9,  -36, 
			  -8,   71,   11,   23,  -14,   32,   41,  -38, 
			 -32,  -33,   -7,  -33,  -45,  -35,  -20,  -44, 
			 -17,  -16,  -39,  -75,  -61,  -68,  -40,  -65, 
			 -18,   -1,  -64,  -72,  -72,  -48,  -20,  -34, 
			  17,  -18,  -31,  -67,  -55,  -31,    8,    7, 
			 -40,   15,   -4,  -49,    1,  -32,   23,   18, 
		},
		{
			 -31,  -18,   21,   37,   42,   69,   -1,  -11, 
			 -24,  -33,  -31,  -47,  -37,   75,   31,   99, 
			 -21,  -20,   -1,    9,   28,   61,   99,   48, 
			 -29,  -22,  -12,  -10,   -5,    7,  -10,   10, 
			 -17,  -12,  -13,   -8,   -3,   -8,    3,  -10, 
			 -16,    2,   -8,   -3,   -9,    3,    4,   -7, 
			 -16,    2,    3,   -2,   -1,   11,   11,    1, 
			  -3,  -14,   -9,    3,  -13,  -24,  -41,  -13, 
		},
		{
			  36,   39,   36,   48,   66,   60,   22,    5, 
			   3,   -7,   27,   54,   22,   54,   62,   39, 
			  -3,    2,    9,   21,   31,   45,   47,   35, 
			 -27,  -15,    4,   15,   -2,   10,   19,   14, 
			 -31,  -31,  -27,  -11,  -13,  -19,  -11,  -17, 
			 -35,  -24,  -15,   -9,  -11,  -18,   -6,  -13, 
			 -41,  -20,  -20,  -16,  -16,  -19,   -6,  -57, 
			 -22,  -18,   -4,   -2,   -3,  -13,  -41,  -25, 
		},
		{
			 -12,  -39,  -15,  -32,  -74,  -20,  -17,  -35, 
			 -35,    4,  -15,   -7,   10,   50,   14,   23, 
			 -19,   -3,   35,   11,   47,   31,   44,   29, 
			 -27,   -9,    6,   17,   16,    3,   -2,   -7, 
			 -15,   -1,    1,   16,   19,    0,    4,  -27, 
			   6,    9,    5,    2,    3,    9,    0,    6, 
			 -17,   13,    2,   -6,   -3,   13,   23,    2, 
			  -3,  -18,  -10,  -15,  -21,  -19,   -1,  -14, 
		},
		{
			-165,  -50,  -27,  -43,   32,  -73,  -80,  -76, 
			 -56,  -22,   58,   23,   67,   63,   19,    9, 
			  -7,   17,   23,   52,   74,   95,   67,   13, 
			  13,   12,   10,   41,   19,   40,    6,   28, 
			  -9,    0,   13,   12,   18,   18,    8,  -14, 
			 -14,   -2,   14,   11,   18,   12,   18,  -16, 
			 -14,  -23,    1,    4,    2,   15,    1,   -3, 
			 -41,  -14,  -38,  -20,  -22,  -12,  -17,  -56, 
		},
		{
			 -13,  -13,  -13,  -13,  -13,  -13,  -13,  -13, 
			  -6,    2,  -19,   18,   32,   34,  -14,  -37, 
			 -35,  -25,   -5,   -8,    3,   27,  -16,  -45, 
			 -20,   -9,  -15,   -6,    1,  -13,  -24,  -47, 
			 -36,  -13,  -16,   -3,   -8,  -22,  -27,  -57, 
			 -30,  -15,  -12,  -18,   -8,  -31,   -3,  -33, 
			 -33,   -7,  -22,  -27,  -20,   -1,   10,  -32, 
			 -13,  -13,  -13,  -13,  -13,  -13,  -13,  -13, 
		},
	},
	{
		{
			 -58,  -25,  -27,  -21,  -20,  -12,  -16,  -35, 
			 -17,   -7,   -4,   -6,    0,    8,   13,    5, 
			 -12,   -3,    3,    2,    9,   12,   16,    9, 
			 -17,    2,    7,   13,   15,   19,   13,    2, 
			 -27,   -3,   11,   22,   23,   22,    8,   -3, 
			 -26,   -8,   13,   21,   24,   16,    4,   -7, 
			 -28,   -7,    5,   17,   15,    9,   -6,  -19, 
			 -31,  -26,  -18,  -12,  -33,  -14,  -36,  -53, 
		},
		{
			  -8,    5,   -5,   -1,   -5,  -16,  -12,    9, 
			 -10,    2,   18,   49,   35,   16,   12,  -62, 
			 -24,   -6,   15,    6,   33,   -4,  -32,  -23, 
			 -19,   10,    2,   19,   35,   22,   20,    0, 
			 -10,   -3,    0,   23,   17,   11,    3,   -9, 
			 -33,  -40,    8,   -6,   12,   -6,   -4,  -19, 
			 -21,  -18,  -23,   -6,   -5,  -34,  -40,  -39, 
			 -28,  -33,  -26,  -44,  -14,  -29,  -24,  -46, 
		},
		{
			   3,    1,    2,   -4,  -10,  -11,   -6,    0, 
			   3,   13,    4,   -6,   -5,   -7,  -13,  -15, 
			   3,    2,   -1,   -4,   -8,  -11,  -11,  -15, 
			   3,    0,    2,   -3,    0,   -5,  -11,  -14, 
			   0,    4,    4,    1,    1,   -1,  -10,  -14, 
			  -6,   -3,   -6,   -4,   -4,   -7,  -16,  -18, 
			  -3,   -6,   -1,   -1,   -2,    1,   -9,   -1, 
			  -5,    1,   -2,    3,   -3,   -2,    4,  -18, 
		},
		{
			 -14,  -14,  -15,   -2,    2,   -8,  -14,   -5, 
			  -4,   -3,    2,   -9,   -4,  -20,   -9,  -35, 
			   2,    4,   -4,    8,  -10,    7,  -11,  -16, 
			   8,   13,    9,   11,    9,    1,    5,  -10, 
			  -4,    3,   14,    7,    7,   17,   -7,   -6, 
			 -13,   -2,    7,   12,   18,    1,   -7,  -17, 
			  -8,  -12,  -11,    5,    6,   -4,   -6,  -22, 
			 -26,  -11,  -16,   -3,   -4,  -11,  -24,  -18, 
		},
		{
			  -8,  -32,  -14,   -5,  -23,  -18,  -20,  -70, 
			 -14,   -4,  -17,   -2,  -20,  -20,  -25,  -37, 
			  -9,   -3,   16,   12,   -6,   -4,  -18,  -17, 
			  -6,   15,   21,   26,   22,   15,   15,  -12, 
			   2,   11,   23,   23,   28,   17,    2,    0, 
			  -8,    5,    3,   21,   20,    3,   -4,  -19, 
			 -19,  -10,   -5,    4,    7,   -1,   -8,  -18, 
			 -42,  -21,   -6,    1,   -6,    0,  -22,  -23, 
		},
		{
			 -26,  -26,  -26,  -26,  -26,  -26,  -26,  -26, 
			 123,  116,  107,   74,   63,   75,  112,  107, 
			  56,   55,   41,   27,   15,    9,   35,   43, 
			  -2,  -10,  -20,  -28,  -33,  -25,  -11,   -9, 
			 -20,  -24,  -36,  -38,  -34,  -32,  -23,  -23, 
			 -27,  -25,  -37,  -27,  -29,  -26,  -25,  -27, 
			 -19,  -22,  -21,  -19,  -20,  -21,  -21,  -27, 
			 -26,  -26,  -26,  -26,  -26,  -26,  -26,  -26, 
		},
	},
}
Iteration: 4
Error: 0.0654151
{
	{ 0, 34, 20, 16, 6, 0 },
	{ 0, 786, 391, 310, 276, 77 },
	{ 0, 757, 392, 214, 197, 102 },
	{
		{
			  72,   47,   60,   45,   69,   40,   59,   34, 
			  12,   72,   28,   32,    8,   60,  -10,  -36, 
			   2,   76,   11,   23,  -13,   34,   41,  -36, 
			 -28,  -18,    8,  -22,  -34,  -25,  -15,  -38, 
			  -1,  -16,  -23,  -68,  -58,  -61,  -35,  -65, 
			  -6,   -1,  -58,  -65,  -72,  -46,  -20,  -33, 
			  17,  -16,  -26,  -64,  -51,  -27,    9,    7, 
			 -40,   15,   -3,  -50,    1,  -31,   23,   18, 
		},
		{
			 -29,  -18,   21,   38,   47,   69,   -1,  -11, 
			 -29,  -33,  -31,  -47,  -34,   75,   26,  100, 
			 -24,  -18,   -1,   13,   28,   61,   93,   48, 
			 -28,  -20,  -12,   -9,   -7,    7,  -11,    9, 
			 -19,  -10,  -11,   -9,   -2,   -8,    3,  -10, 
			 -16,    2,   -9,   -3,   -9,    3,    4,   -7, 
			 -17,    2,    1,   -2,   -1,   11,   14,    1, 
			  -3,  -13,   -9,    3,  -13,  -24,  -41,   -8, 
		},
		{
			  31,   34,   41,   48,   67,   61,   22,   10, 
			   3,   -7,   20,   47,   22,   50,   62,   39, 
			  -3,    3,    4,   21,   31,   40,   48,   35, 
			 -27,  -15,    4,   15,   -2,   10,   14,   14, 
			 -28,  -32,  -27,  -11,  -12,  -19,   -5,  -23, 
			 -35,  -24,  -13,   -9,  -10,  -18,    0,  -13, 
			 -40,  -20,  -21,  -16,  -16,  -18,   -5,  -57, 
			 -22,  -18,   -6,   -2,   -3,  -13,  -41,  -24, 
		},
		{
			 -18,  -38,  -15,  -38,  -74,  -20,  -12,  -40, 
			 -34,    4,  -14,   -1,    9,   43,   10,   24, 
			 -18,   -3,   34,   11,   47,   31,   39,   29, 
			 -27,  -10,    6,   17,   16,    4,    0,   -7, 
			 -16,   -2,    0,   16,   19,    0,    4,  -27, 
			   9,    9,    5,    2,    4,   11,    0,    8, 
			 -17,   13,    2,   -4,   -2,   14,   24,   -3, 
			  -1,  -18,   -9,  -15,  -21,  -19,   -1,  -12, 
		},
		{
			-176,  -55,  -26,  -43,   33,  -78,  -90,  -81, 
			 -56,  -23,   56,   23,   67,   63,   19,   11, 
			 -13,   17,   24,   51,   74,   95,   62,    8, 
			  13,   12,   10,   40,   19,   40,    6,   28, 
			  -9,   -1,   14,   13,   18,   19,    9,  -14, 
			 -13,   -2,   15,   10,   19,   12,   18,  -15, 
			 -14,  -18,    0,    4,    3,   15,    1,   -6, 
			 -36,  -14,  -37,  -20,  -22,  -13,  -17,  -57, 
		},
		{
			 -13,  -13,  -13,  -13,  -13,  -13,  -13,  -13, 
			  -6,    1,  -12,   18,   36,   32,  -12,  -37, 
			 -35,  -25,   -5,   -9,    4,   27,  -16,  -45, 
			 -23,   -9,  -15,   -7,    1,  -12,  -23,  -47, 
			 -36,  -13,  -17,   -3,   -8,  -21,  -27,  -57, 
			 -30,  -15,  -12,  -19,   -8,  -30,   -1,  -33, 
			 -33,   -7,  -23,  -27,  -19,   -1,   12,  -32, 
			 -13,  -13,  -13,  -13,  -13,  -13,  -13,  -13, 
		},
	},
	{
		{
			 -56,  -25,  -27,  -21,  -23,  -12,  -15,  -35, 
			 -16,   -8,   -4,   -8,    0,    6,   14,    4, 
			 -13,   -4,    4,    1,    9,   11,   14,    9, 
			 -18,   -1,    4,   12,   14,   17,   13,    2, 
			 -32,   -5,    9,   22,   23,   22,    8,   -3, 
			 -26,   -7,   12,   21,   25,   16,    4,   -7, 
			 -29,   -9,    5,   17,   15,    9,   -6,  -19, 
			 -31,  -28,  -18,  -12,  -33,  -14,  -36,  -53, 
		},
		{
			  -8,    5,   -5,    0,  -11,  -15,  -13,    9, 
			  -4,    2,   18,   48,   36,   17,   12,  -65, 
			 -23,   -5,   15,    5,   29,   -3,  -32,  -24, 
			 -19,    5,    2,   20,   35,   29,   20,    0, 
			 -10,   -4,    0,   24,   17,   11,    5,   -8, 
			 -32,  -40,    8,   -8,   10,   -5,   -3,  -18, 
			 -15,  -18,  -19,   -6,   -5,  -33,  -45,  -39, 
			 -28,  -33,  -26,  -49,  -14,  -29,  -25,  -46, 
		},
		{
			   4,    1,    1,   -5,  -11,  -14,   -6,   -1, 
			   4,   13,    5,   -6,   -4,   -7,  -15,  -16, 
			   3,    2,    0,   -4,  -12,  -12,  -15,  -18, 
			   4,    1,    2,   -5,   -1,   -5,  -10,  -14, 
			   0,    4,    5,    1,    1,   -2,  -13,  -14, 
			  -5,   -2,   -6,   -4,   -4,   -6,  -17,  -18, 
			  -3,   -6,   -1,   -1,   -3,    1,   -9,    2, 
			  -5,    1,    0,    3,   -3,   -2,    5,  -18, 
		},
		{
			 -14,  -15,  -16,   -1,    2,   -7,  -15,   -5, 
			  -4,   -3,    2,   -8,   -4,  -17,   -8,  -34, 
			   4,    4,   -4,   10,   -9,    6,   -7,  -16, 
			   9,   13,    9,   11,    8,    1,    5,  -10, 
			  -4,    3,   13,    7,    7,   17,   -8,   -6, 
			 -13,    0,    7,   11,   18,    1,   -7,  -17, 
			  -8,  -12,  -11,    5,    6,   -5,   -9,  -21, 
			 -27,  -10,  -16,   -3,   -4,  -11,  -24,  -12, 
		},
		{
			  -8,  -32,  -13,   -7,  -23,  -18,  -19,  -69, 
			 -14,   -4,  -17,   -2,  -20,  -20,  -25,  -36, 
			 -11,   -3,   16,   12,   -6,   -5,  -16,  -17, 
			  -7,   15,   21,   26,   24,   17,   16,  -12, 
			  -2,   12,   23,   22,   28,   12,    2,   -1, 
			  -8,    6,    3,   21,   17,    3,   -3,  -18, 
			 -18,  -10,   -5,    4,    7,    0,   -9,  -13, 
			 -40,  -21,   -4,    0,   -5,   -1,  -22,  -23, 
		},
		{
			 -26,  -26,  -26,  -26,  -26,  -26,  -26,  -26, 
			 122,  118,  106,   74,   63,   75,  112,  107, 
			  56,   57,   41,   27,   16,   10,   35,   43, 
			  -2,  -10,  -20,  -28,  -33,  -25,  -11,   -9, 
			 -20,  -24,  -36,  -38,  -34,  -32,  -23,  -23, 
			 -27,  -25,  -37,  -27,  -29,  -26,  -25,  -27, 
			 -19,  -22,  -21,  -19,  -20,  -21,  -24,  -27, 
			 -26,  -26,  -26,  -26,  -26,  -26,  -26,  -26, 
		},
	},
}
Iteration: 5
Error: 0.0653904
{
	{ 0, 34, 20, 16, 6, 0 },
	{ 0, 792, 396, 313, 279, 77 },
	{ 0, 752, 389, 212, 195, 102 },
	{
		{
			  77,   47,   60,   51,   74,   55,   59,   34, 
			  17,   77,   34,   37,    8,   68,   -9,  -30, 
			  12,   81,   11,   33,   -8,   34,   46,  -36, 
			 -18,   -5,   18,  -17,  -31,  -25,  -10,  -38, 
			  14,   -7,  -15,  -68,  -57,  -59,  -35,  -63, 
			  -8,   -1,  -58,  -65,  -72,  -46,  -20,  -34, 
			  18,  -16,  -26,  -64,  -51,  -27,    9,    8, 
			 -41,   15,   -3,  -50,    1,  -31,   23,   18, 
		},
		{
			 -35,  -24,   21,   38,   52,   69,    0,  -13, 
			 -29,  -33,  -31,  -49,  -33,   71,   25,  102, 
			 -24,  -18,    0,   13,   28,   62,   93,   49, 
			 -28,  -20,  -12,   -9,   -7,    1,  -11,   10, 
			 -19,  -10,  -12,   -9,   -2,   -7,    3,   -9, 
			 -16,    1,   -8,   -3,   -9,    3,    4,   -8, 
			 -19,    2,    0,   -2,    0,   10,   14,    1, 
			  -3,  -16,   -9,    3,  -12,  -24,  -42,  -12, 
		},
		{
			  30,   34,   40,   49,   67,   61,   22,   10, 
			  -4,   -8,   20,   48,   22,   49,   62,   39, 
			  -3,    3,    4,   21,   36,   45,   54,   39, 
			 -27,  -15,    4,   15,   -2,   10,   19,   14, 
			 -28,  -32,  -27,  -11,  -12,  -18,   -5,  -23, 
			 -35,  -24,  -12,  -10,  -10,  -18,    0,  -13, 
			 -38,  -20,  -21,  -16,  -16,  -17,   -5,  -57, 
			 -22,  -18,   -6,   -2,   -3,  -13,  -39,  -24, 
		},
		{
			 -17,  -37,  -10,  -37,  -74,  -19,  -12,  -40, 
			 -34,    3,  -14,   -6,    9,   42,   10,   23, 
			 -19,   -3,   34,   11,   47,   31,   39,   29, 
			 -27,  -10,    6,   17,   17,    4,    0,   -8, 
			 -16,   -2,    1,   16,   19,    2,    4,  -26, 
			   9,    9,    5,    2,    4,   11,    2,    8, 
			 -17,   15,    2,   -4,   -2,   14,   24,    1, 
			  -1,  -18,   -9,  -15,  -21,  -19,   -1,  -13, 
		},
		{
			-175,  -50,  -29,  -38,   33,  -82,  -85,  -81, 
			 -56,  -23,   56,   18,   67,   62,   18,   11, 
			 -10,   17,   23,   51,   74,   95,   62,    8, 
			  11,   12,   10,   40,   19,   40,    5,   29, 
			  -7,   -1,   14,   13,   18,   19,   10,  -14, 
			 -13,   -2,   15,   10,   19,   12,   18,  -14, 
			 -14,  -21,    0,    4,    3,   13,    0,   -6, 
			 -41,  -14,  -38,  -20,  -22,  -13,  -17,  -57, 
		},
		{
			 -13,  -13,  -13,  -13,  -13,  -13,  -13,  -13, 
			  -4,    2,  -12,   18,   36,   27,  -12,  -37, 
			 -35,  -25,   -5,   -9,    4,   27,  -16,  -45, 
			 -23,   -9,  -15,   -7,    1,  -12,  -23,  -47, 
			 -36,  -13,  -17,   -3,   -8,  -21,  -25,  -57, 
			 -30,  -15,  -12,  -19,   -8,  -30,    0,  -33, 
			 -33,   -7,  -23,  -27,  -19,   -1,   13,  -32, 
			 -13,  -13,  -13,  -13,  -13,  -13,  -13,  -13, 
		},
	},
	{
		{
			 -58,  -27,  -27,  -22,  -22,  -12,  -19,  -35, 
			 -19,   -8,   -7,   -8,   -1,    4,   15,    3, 
			 -13,   -4,    4,    0,    8,   11,   14,    8, 
			 -19,   -2,    3,   11,   13,   17,   11,    2, 
			 -33,   -5,    7,   21,   22,   21,    8,   -3, 
			 -26,   -7,   12,   20,   24,   17,    5,   -6, 
			 -29,   -9,    4,   17,   14,    9,   -6,  -19, 
			 -29,  -29,  -18,  -12,  -33,  -14,  -36,  -52, 
		},
		{
			  -2,    5,   -6,    0,  -17,  -16,  -12,    9, 
			  -9,   -3,   18,   48,   31,   17,   12,  -63, 
			 -22,  -10,   15,    5,   29,   -7,  -36,  -24, 
			 -19,    5,    2,   19,   35,   30,   25,    0, 
			 -10,   -3,    2,   23,   18,    8,    5,  -12, 
			 -32,  -40,    8,   -7,   10,   -5,   -3,  -18, 
			 -15,  -18,  -19,   -6,   -5,  -34,  -43,  -38, 
			 -28,  -29,  -26,  -49,  -14,  -29,  -27,  -46, 
		},
		{
			   4,    1,    0,   -5,  -11,  -14,   -6,   -1, 
			   4,   13,    5,   -6,   -4,   -7,  -15,  -16, 
			   3,    2,    0,   -4,  -12,  -14,  -15,  -18, 
			   4,    1,    2,   -5,   -1,   -6,  -13,  -14, 
			  -1,    4,    5,    1,    1,   -2,  -13,  -14, 
			  -5,   -2,   -6,   -3,   -4,   -6,  -17,  -19, 
			  -2,   -6,   -1,   -1,   -3,    1,   -8,    2, 
			  -5,    1,    0,    3,   -3,   -2,    5,  -18, 
		},
		{
			 -14,  -15,  -17,   -1,    3,   -8,  -15,   -5, 
			  -4,   -3,    2,   -7,   -4,  -18,   -8,  -34, 
			   4,    5,   -4,    9,   -9,    6,   -9,  -16, 
			  10,   13,    9,   11,    8,    1,    5,  -10, 
			  -5,    3,   13,    6,    7,   12,   -8,   -6, 
			 -13,    0,    7,   11,   18,    1,   -7,  -17, 
			  -8,  -17,  -11,    5,    6,   -5,   -9,  -21, 
			 -26,  -10,  -16,   -3,   -4,  -11,  -26,  -15, 
		},
		{
			  -7,  -32,  -13,   -7,  -23,  -18,  -18,  -69, 
			 -15,   -4,  -12,   -2,  -20,  -20,  -23,  -36, 
			 -12,   -5,   16,   12,   -6,   -5,  -16,  -17, 
			  -7,   15,   21,   26,   24,   17,   16,  -12, 
			  -2,    8,   23,   22,   28,   14,    2,   -1, 
			  -8,    6,    3,   20,   17,    3,   -3,  -18, 
			 -20,  -10,   -5,    4,    7,    0,   -9,  -17, 
			 -36,  -21,   -5,   -1,   -5,   -1,  -22,  -23, 
		},
		{
			 -26,  -26,  -26,  -26,  -26,  -26,  -26,  -26, 
			 121,  118,  106,   74,   63,   75,  112,  107, 
			  56,   57,   41,   27,   16,   10,   35,   43, 
			  -2,  -10,  -20,  -28,  -33,  -25,  -11,   -9, 
			 -20,  -24,  -36,  -38,  -34,  -32,  -23,  -23, 
			 -27,  -25,  -37,  -27,  -29,  -26,  -25,  -27, 
			 -19,  -22,  -21,  -19,  -20,  -21,  -24,  -27, 
			 -26,  -26,  -26,  -26,  -26,  -26,  -26,  -26, 
		},
	},
}
Iteration: 6
Error: 0.0653763
{
	{ 0, 34, 20, 16, 6, 0 },
	{ 0, 798, 401, 316, 282, 77 },
	{ 0, 748, 386, 212, 195, 102 },
	{
		{
			  84,   52,   60,   57,   79,   61,   60,   30, 
			  17,   77,   34,   37,   18,   78,   -9,  -26, 
			  12,   81,   11,   33,   -8,   35,   41,  -31, 
			 -16,    0,   18,  -17,  -28,  -25,   -4,  -38, 
			  14,   -7,  -14,  -63,  -57,  -53,  -35,  -63, 
			  -8,   -1,  -56,  -65,  -68,  -46,  -20,  -34, 
			  23,  -16,  -26,  -64,  -51,  -27,    9,    8, 
			 -42,   15,   -3,  -50,    1,  -31,   23,   18, 
		},
		{
			 -40,  -24,   21,   38,   57,   69,    0,  -13, 
			 -28,  -33,  -31,  -48,  -33,   76,   25,  102, 
			 -24,  -18,   -1,   13,   28,   63,   93,   47, 
			 -28,  -20,  -12,   -9,   -7,    1,  -11,   10, 
			 -19,  -11,  -12,   -9,   -2,   -7,    3,   -9, 
			 -17,    1,   -8,   -3,   -9,    3,    3,   -9, 
			 -19,    2,    0,   -2,    0,   10,   14,    2, 
			  -3,  -16,   -9,    3,  -13,  -23,  -40,  -12, 
		},
		{
			  31,   34,   40,   49,   67,   71,   25,    9, 
			  -4,   -8,   20,   48,   21,   49,   62,   39, 
			  -3,    3,    4,   21,   36,   45,   54,   39, 
			 -27,  -15,    4,   15,   -2,   11,   19,   14, 
			 -29,  -32,  -29,  -11,  -12,  -18,   -4,  -23, 
			 -35,  -24,  -12,  -10,   -9,  -18,    0,  -13, 
			 -39,  -20,  -21,  -16,  -16,  -17,   -5,  -57, 
			 -22,  -18,   -6,   -2,   -3,  -13,  -39,  -24, 
		},
		{
			 -17,  -36,  -14,  -37,  -77,  -24,   -6,  -40, 
			 -34,    3,  -15,   -6,   10,   42,   10,   23, 
			 -19,   -3,   34,   11,   47,   31,   40,   29, 
			 -27,  -10,    6,   17,   17,    4,    0,   -8, 
			 -16,   -2,    1,   17,   19,    2,    4,  -26, 
			   9,    9,    5,    2,    4,   11,    2,    8, 
			 -17,   15,    2,   -4,   -2,   14,   24,    1, 
			  -1,  -18,   -9,  -15,  -21,  -19,   -1,  -13, 
		},
		{
			-175,  -50,  -29,  -38,   28,  -82,  -96,  -83, 
			 -57,  -23,   56,   18,   67,   62,   13,   10, 
			 -10,   17,   23,   51,   74,   95,   62,    8, 
			  11,   12,   11,   40,   19,   40,    5,   23, 
			  -7,    0,   14,   13,   18,   20,   10,  -14, 
			 -13,   -2,   15,   10,   18,   12,   18,  -15, 
			 -14,  -21,    0,    4,    3,   13,    0,   -6, 
			 -46,  -14,  -38,  -20,  -22,  -13,  -17,  -58, 
		},
		{
			 -13,  -13,  -13,  -13,  -13,  -13,  -13,  -13, 
			  -4,    3,  -12,   18,   35,   27,  -17,  -42, 
			 -35,  -25,   -5,   -9,    3,   27,  -15,  -41, 
			 -23,   -9,  -15,   -7,    1,  -12,  -21,  -47, 
			 -36,  -13,  -17,   -3,   -8,  -21,  -25,  -57, 
			 -30,  -15,  -12,  -19,   -8,  -30,    0,  -33, 
			 -33,   -7,  -23,  -27,  -19,   -1,   13,  -32, 
			 -13,  -13,  -13,  -13,  -13,  -13,  -13,  -13, 
		},
	},
	{
		{
			 -58,  -28,  -27,  -24,  -24,  -18,  -18,  -35, 
			 -19,   -8,   -7,   -8,   -4,    4,   14,    3, 
			 -16,   -4,    4,    0,    8,   11,   14,    8, 
			 -19,   -4,    3,   11,   12,   16,   11,    1, 
			 -33,   -5,    7,   20,   22,   20,    8,   -3, 
			 -27,   -7,   12,   20,   23,   17,    5,   -6, 
			 -29,   -7,    4,   17,   14,    9,   -6,  -19, 
			 -30,  -29,  -18,  -12,  -33,  -14,  -36,  -52, 
		},
		{
			  -2,    5,   -6,    0,  -17,  -16,  -12,    9, 
			  -9,   -3,   12,   48,   31,   17,   11,  -63, 
			 -22,  -10,   15,    5,   30,   -7,  -36,  -24, 
			 -19,    5,    2,   19,   35,   30,   24,    0, 
			 -10,   -3,    2,   23,   14,    8,    5,  -12, 
			 -32,  -40,    7,   -7,   10,   -5,   -3,  -19, 
			 -15,  -18,  -19,   -6,   -5,  -34,  -43,  -37, 
			 -29,  -29,  -26,  -49,  -18,  -29,  -26,  -46, 
		},
		{
			   4,    1,    0,   -5,  -11,  -18,   -8,   -1, 
			   4,   13,    6,   -6,   -5,   -7,  -15,  -16, 
			   3,    2,    0,   -4,  -12,  -14,  -15,  -18, 
			   4,    1,    2,   -5,   -1,   -6,  -13,  -14, 
			  -1,    4,    5,    1,    1,   -2,  -13,  -14, 
			  -5,   -2,   -6,   -3,   -4,   -6,  -17,  -19, 
			  -2,   -6,   -1,   -1,   -3,    1,   -8,    2, 
			  -5,    1,    0,    3,   -3,   -2,    5,  -18, 
		},
		{
			 -14,  -15,  -17,    0,    3,   -8,  -15,   -5, 
			  -4,   -3,    2,   -9,   -4,  -18,   -8,  -34, 
			   4,    4,   -4,    9,   -9,    6,   -9,  -16, 
			  10,   13,    9,   11,    8,    1,    3,  -10, 
			  -5,    3,   13,    6,    7,   12,   -9,   -6, 
			 -13,    0,    7,   11,   18,    1,   -7,  -17, 
			  -8,  -17,  -11,    5,    6,   -5,   -9,  -21, 
			 -26,  -10,  -16,   -3,   -4,  -11,  -21,  -16, 
		},
		{
			  -5,  -32,  -13,   -7,  -23,  -18,  -18,  -69, 
			 -15,   -4,  -17,   -2,  -20,  -20,  -23,  -36, 
			 -12,   -5,   16,   12,   -6,   -4,  -16,  -17, 
			  -6,   15,   21,   26,   24,   17,   16,  -12, 
			  -2,    8,   23,   22,   28,   14,   -3,   -1, 
			 -14,    6,    3,   20,   17,    3,   -3,  -18, 
			 -20,  -10,   -5,    4,    7,    0,   -9,  -17, 
			 -36,  -21,   -5,   -1,   -6,   -1,  -22,  -23, 
		},
		{
			 -26,  -26,  -26,  -26,  -26,  -26,  -26,  -26, 
			 121,  117,  106,   74,   63,   76,  112,  107, 
			  56,   57,   41,   27,   16,    9,   35,   43, 
			  -2,  -10,  -20,  -28,  -33,  -25,  -13,   -9, 
			 -20,  -24,  -36,  -38,  -34,  -32,  -23,  -23, 
			 -27,  -25,  -37,  -27,  -29,  -26,  -25,  -27, 
			 -19,  -22,  -21,  -19,  -20,  -21,  -24,  -27, 
			 -26,  -26,  -26,  -26,  -26,  -26,  -26,  -26, 
		},
	},
}
Iteration: 7
Error: 0.0653662
{
	{ 0, 34, 20, 16, 6, 0 },
	{ 0, 807, 405, 319, 285, 77 },
	{ 0, 743, 386, 212, 195, 102 },
	{
		{
			  84,   53,   66,   56,   79,   66,   54,   35, 
			  17,   78,   44,   38,   26,   82,  -10,  -26, 
			  23,   87,   11,   33,   -8,   42,   47,  -31, 
			 -16,    5,   19,  -17,  -26,  -25,   -4,  -33, 
			  19,   -7,  -14,  -63,  -57,  -53,  -35,  -63, 
			  -8,   -1,  -56,  -65,  -68,  -46,  -20,  -34, 
			  18,  -16,  -26,  -63,  -51,  -27,    9,    8, 
			 -41,   15,   -3,  -50,    1,  -31,   23,   18, 
		},
		{
			 -40,  -24,   22,   38,   63,   70,    0,  -15, 
			 -28,  -32,  -25,  -48,  -33,   71,   25,  103, 
			 -24,  -18,   -1,   13,   28,   63,   93,   48, 
			 -28,  -20,  -12,   -9,   -7,    1,  -11,    9, 
			 -19,  -11,  -12,   -9,   -2,   -7,    3,   -9, 
			 -17,    1,   -8,   -3,   -9,    3,    3,   -9, 
			 -19,    2,    0,   -2,    0,   10,   15,    2, 
			  -3,  -16,  -10,    3,  -13,  -23,  -40,  -12, 
		},
		{
			  31,   34,   40,   50,   67,   81,   30,    9, 
			  -3,   -8,   20,   49,   21,   49,   62,   39, 
			  -3,    3,    4,   21,   36,   45,   54,   39, 
			 -27,  -15,    4,   15,   -2,   11,   19,   14, 
			 -29,  -32,  -29,  -11,  -12,  -18,   -4,  -23, 
			 -36,  -24,  -12,  -10,   -9,  -18,    0,  -13, 
			 -39,  -20,  -21,  -16,  -16,  -17,   -5,  -58, 
			 -22,  -18,   -6,   -2,   -3,  -13,  -39,  -24, 
		},
		{
			 -22,  -36,  -10,  -43,  -83,  -24,   -7,  -40, 
			 -34,    3,  -15,   -7,   10,   42,   10,   22, 
			 -19,   -3,   34,   11,   47,   31,   40,   29, 
			 -27,  -10,    7,   17,   18,    4,    0,   -8, 
			 -16,   -2,    1,   17,   19,    2,    4,  -26, 
			   9,    9,    7,    2,    4,   11,    2,    8, 
			 -17,   15,    2,   -4,   -2,   14,   24,    1, 
			  -1,  -20,   -9,  -15,  -21,  -19,   -8,  -13, 
		},
		{
			-181,  -50,  -29,  -38,   28,  -82,  -96,  -83, 
			 -57,  -23,   56,   18,   68,   63,   13,   11, 
			 -10,   17,   23,   51,   73,   95,   62,    9, 
			  11,   12,   11,   40,   19,   39,    5,   23, 
			  -7,    1,   14,   13,   18,   20,   10,  -14, 
			 -13,   -2,   15,   10,   18,   12,   18,  -15, 
			 -15,  -21,    0,    4,    3,   13,    0,   -6, 
			 -46,  -14,  -38,  -20,  -20,  -13,  -17,  -58, 
		},
		{
			 -13,  -13,  -13,  -13,  -13,  -13,  -13,  -13, 
			  -4,    4,  -12,   18,   35,   33,  -17,  -37, 
			 -35,  -25,   -5,   -9,    3,   27,  -15,  -41, 
			 -23,   -9,  -15,   -7,    1,  -12,  -21,  -47, 
			 -36,  -13,  -17,   -3,   -8,  -21,  -25,  -57, 
			 -30,  -15,  -12,  -19,   -8,  -30,    0,  -33, 
			 -33,   -7,  -23,  -27,  -19,   -1,   13,  -32, 
			 -13,  -13,  -13,  -13,  -13,  -13,  -13,  -13, 
		},
	},
	{
		{
			 -59,  -28,  -27,  -24,  -25,  -18,  -17,  -36, 
			 -20,  -10,   -7,  -10,   -4,    2,   14,    3, 
			 -16,   -7,    3,    0,    8,   10,   14,    7, 
			 -21,   -5,    3,   11,   12,   16,   11,    1, 
			 -33,   -5,    7,   20,   22,   20,    8,   -2, 
			 -27,   -7,   12,   20,   23,   17,    5,   -6, 
			 -29,   -7,    4,   17,   14,    9,   -6,  -19, 
			 -30,  -29,  -18,  -12,  -33,  -14,  -36,  -52, 
		},
		{
			  -1,    5,   -8,    0,  -17,  -16,  -11,    9, 
			  -9,   -3,   12,   48,   31,   17,   16,  -63, 
			 -22,  -10,   15,    5,   30,   -7,  -32,  -24, 
			 -18,    5,    2,   19,   35,   30,   24,    0, 
			 -10,   -3,    2,   23,   14,    8,    5,  -12, 
			 -32,  -40,    7,   -7,   10,   -5,   -2,  -19, 
			 -16,  -19,  -19,   -6,   -5,  -34,  -47,  -37, 
			 -29,  -29,  -26,  -49,  -18,  -30,  -26,  -48, 
		},
		{
			   4,    1,    0,   -5,  -11,  -18,   -8,   -1, 
			   4,   13,    6,   -6,   -5,   -7,  -15,  -16, 
			   3,    2,    0,   -4,  -12,  -14,  -15,  -18, 
			   4,    1,    2,   -5,   -1,   -6,  -13,  -14, 
			  -1,    4,    6,    1,    1,   -2,  -13,  -14, 
			  -5,   -2,   -6,   -3,   -4,   -6,  -18,  -19, 
			  -2,   -6,   -1,   -1,   -3,    1,   -9,    2, 
			  -5,    1,    0,    3,   -3,   -2,    5,  -18, 
		},
		{
			 -14,  -15,  -17,    2,    3,   -8,  -17,   -5, 
			  -4,   -3,    2,  -10,   -4,  -18,   -8,  -34, 
			   4,    4,   -4,    9,   -9,    5,   -9,  -17, 
			  10,   13,    9,   11,    8,    1,    3,  -10, 
			  -5,    3,   13,    6,    7,   12,   -9,   -6, 
			 -13,    0,    7,   11,   18,    1,   -7,  -17, 
			  -8,  -17,  -11,    5,    6,   -5,   -9,  -21, 
			 -27,  -10,  -16,   -3,   -4,  -11,  -21,  -16, 
		},
		{
			  -4,  -32,  -13,   -7,  -23,  -18,  -18,  -69, 
			 -15,   -4,  -17,   -2,  -20,  -20,  -23,  -36, 
			 -12,   -5,   15,   12,   -7,   -4,  -17,  -17, 
			  -7,   15,   21,   26,   24,   17,   16,  -12, 
			  -2,    7,   23,   22,   28,   14,   -3,   -1, 
			 -14,    6,    3,   21,   17,    3,   -3,  -18, 
			 -20,  -10,   -5,    4,    7,    0,   -9,  -17, 
			 -36,  -21,   -5,   -1,   -7,   -1,  -22,  -17, 
		},
		{
			 -26,  -26,  -26,  -26,  -26,  -26,  -26,  -26, 
			 121,  117,  106,   74,   63,   75,  112,  107, 
			  56,   57,   41,   27,   16,    9,   35,   43, 
			  -2,  -10,  -20,  -28,  -33,  -25,  -13,   -9, 
			 -20,  -24,  -36,  -38,  -34,  -32,  -23,  -23, 
			 -27,  -25,  -37,  -27,  -29,  -26,  -25,  -27, 
			 -19,  -22,  -21,  -19,  -20,  -21,  -24,  -27, 
			 -26,  -26,  -26,  -26,  -26,  -26,  -26,  -26, 
		},
	},
}
Iteration: 8
Error: 0.0653558
{
	{ 0, 34, 20, 16, 6, 0 },
	{ 0, 822, 411, 322, 288, 77 },
	{ 0, 740, 383, 212, 195, 102 },
	{
		{
			  83,   53,   65,   60,   86,   65,   54,   42, 
			  27,   78,   43,   45,   27,   87,   -6,  -25, 
			  22,   97,   17,   39,  -13,   42,   47,  -26, 
			 -11,    5,   19,  -17,  -26,  -20,   -4,  -33, 
			  19,   -7,  -14,  -63,  -54,  -53,  -35,  -63, 
			  -8,   -1,  -56,  -65,  -68,  -46,  -20,  -34, 
			  18,  -16,  -26,  -63,  -51,  -27,    9,    8, 
			 -41,   15,   -3,  -50,    1,  -31,   23,   18, 
		},
		{
			 -40,  -24,   21,   38,   63,   70,    0,  -15, 
			 -28,  -32,  -25,  -48,  -33,   71,   24,  103, 
			 -25,  -18,   -1,   13,   28,   68,   95,   48, 
			 -28,  -20,  -12,   -9,   -7,    1,  -11,    9, 
			 -19,  -11,  -13,   -9,   -2,   -7,    3,  -10, 
			 -17,    1,   -8,   -3,   -9,    3,    3,   -9, 
			 -19,    2,    0,   -2,    0,   10,   15,    2, 
			  -3,  -16,  -10,    3,  -13,  -24,  -40,  -10, 
		},
		{
			  31,   34,   40,   50,   67,   81,   35,    9, 
			  -3,   -8,   20,   49,   21,   49,   62,   39, 
			  -3,    1,    4,   21,   36,   45,   53,   39, 
			 -27,  -15,    4,   15,   -2,   11,   19,   14, 
			 -29,  -32,  -29,  -11,  -12,  -18,   -1,  -22, 
			 -36,  -24,  -12,  -10,   -9,  -18,    0,  -13, 
			 -39,  -20,  -21,  -16,  -16,  -17,   -5,  -58, 
			 -22,  -18,   -6,   -2,   -3,  -13,  -39,  -24, 
		},
		{
			 -22,  -36,  -10,  -47,  -78,  -24,   -7,  -40, 
			 -34,    3,  -15,   -8,   10,   42,   10,   22, 
			 -18,   -3,   34,   11,   47,   31,   35,   30, 
			 -27,   -9,    7,   17,   18,    4,    0,   -8, 
			 -16,   -2,    1,   17,   19,    2,    4,  -26, 
			   9,    9,    7,    2,    4,   11,    2,    8, 
			 -17,   15,    2,   -4,   -2,   14,   24,    1, 
			  -1,  -20,   -9,  -15,  -21,  -19,   -7,  -13, 
		},
		{
			-181,  -55,  -29,  -38,   23,  -82,  -96,  -83, 
			 -57,  -23,   57,   18,   63,   63,   14,   11, 
			 -10,   17,   23,   51,   73,   95,   61,    9, 
			  11,   12,   11,   40,   19,   39,    5,   23, 
			  -7,    1,   14,   13,   18,   20,    9,  -14, 
			 -13,   -2,   15,   10,   18,   12,   18,  -15, 
			 -15,  -21,    0,    4,    3,   13,    0,   -6, 
			 -47,  -14,  -38,  -20,  -21,  -13,  -17,  -64, 
		},
		{
			 -13,  -13,  -13,  -13,  -13,  -13,  -13,  -13, 
			  -4,    4,  -12,   16,   35,   33,  -17,  -37, 
			 -35,  -25,   -5,   -9,    3,   27,  -15,  -41, 
			 -23,   -9,  -15,   -7,    1,  -12,  -21,  -47, 
			 -36,  -13,  -17,   -3,   -8,  -21,  -25,  -57, 
			 -30,  -15,  -12,  -19,   -8,  -30,    0,  -33, 
			 -33,   -7,  -23,  -27,  -19,   -1,   13,  -32, 
			 -13,  -13,  -13,  -13,  -13,  -13,  -13,  -13, 
		},
	},
	{
		{
			 -59,  -28,  -30,  -24,  -25,  -17,  -18,  -37, 
			 -21,  -10,   -9,   -9,   -4,    2,   13,    3, 
			 -18,  -10,    3,    0,    8,   10,   14,    7, 
			 -21,   -5,    3,   11,   12,   16,   10,    0, 
			 -33,   -7,    7,   20,   22,   20,    8,   -2, 
			 -27,   -7,   12,   20,   23,   17,    5,   -6, 
			 -29,   -8,    4,   17,   14,    9,   -6,  -19, 
			 -29,  -29,  -18,  -12,  -33,  -14,  -36,  -52, 
		},
		{
			  -1,    5,   -8,    1,  -17,  -16,  -11,    9, 
			  -9,   -3,   12,   48,   31,   17,   16,  -68, 
			 -23,  -10,   15,    5,   30,   -7,  -32,  -24, 
			 -18,    5,    2,   19,   35,   30,   24,    0, 
			 -10,   -3,    2,   23,   14,    8,    5,  -11, 
			 -32,  -40,    7,   -7,   10,   -5,   -2,  -19, 
			 -16,  -19,  -19,   -6,   -5,  -34,  -47,  -37, 
			 -29,  -29,  -26,  -49,  -18,  -30,  -26,  -48, 
		},
		{
			   4,    1,    0,   -5,  -11,  -18,   -8,   -1, 
			   4,   13,    6,   -6,   -5,   -7,  -15,  -16, 
			   3,    2,    0,   -4,  -12,  -14,  -15,  -18, 
			   4,    1,    2,   -5,   -1,   -6,  -13,  -14, 
			  -1,    4,    6,    1,    1,   -2,  -13,  -14, 
			  -5,   -2,   -6,   -4,   -4,   -6,  -18,  -19, 
			  -2,   -5,   -1,   -1,   -3,    1,   -9,    2, 
			  -5,    1,    0,    3,   -3,   -2,    5,  -18, 
		},
		{
			 -14,  -15,  -17,    2,    3,   -8,  -17,   -5, 
			  -6,   -3,    2,  -10,   -4,  -18,   -8,  -34, 
			   4,    4,   -4,    9,   -9,    5,   -9,  -17, 
			  10,   13,    9,   10,    8,    0,    3,  -10, 
			  -5,    3,   13,    6,    7,   12,   -9,   -6, 
			 -13,    0,    7,   11,   18,    1,   -7,  -17, 
			  -8,  -17,  -11,    5,    6,   -5,   -9,  -21, 
			 -27,  -10,  -16,   -3,   -4,  -11,  -20,  -17, 
		},
		{
			  -9,  -32,  -13,   -7,  -22,  -18,  -16,  -69, 
			 -15,   -4,  -17,   -2,  -20,  -20,  -23,  -36, 
			 -13,   -5,   15,   12,   -7,   -4,  -17,  -17, 
			  -7,   15,   21,   26,   24,   17,   16,  -12, 
			  -2,    7,   23,   22,   28,   14,   -3,   -1, 
			 -14,    6,    3,   21,   17,    3,   -3,  -18, 
			 -20,  -10,   -5,    4,    7,    0,   -9,  -17, 
			 -36,  -21,   -5,   -1,   -7,   -1,  -22,  -17, 
		},
		{
			 -26,  -26,  -26,  -26,  -26,  -26,  -26,  -26, 
			 121,  117,  106,   74,   64,   75,  112,  107, 
			  56,   57,   41,   27,   16,    9,   35,   43, 
			  -2,  -10,  -20,  -28,  -33,  -25,  -13,   -9, 
			 -20,  -24,  -36,  -38,  -34,  -32,  -23,  -23, 
			 -27,  -25,  -37,  -27,  -29,  -26,  -25,  -27, 
			 -19,  -22,  -21,  -19,  -20,  -21,  -24,  -27, 
			 -26,  -26,  -26,  -26,  -26,  -26,  -26,  -26, 
		},
	},
}
Iteration: 9
Error: 0.0653532
{
	{ 0, 34, 20, 16, 6, 0 },
	{ 0, 828, 415, 322, 288, 77 },
	{ 0, 735, 382, 212, 195, 102 },
	{
		{
			  83,   53,   75,   60,   87,   66,   55,   42, 
			  26,   79,   48,   45,   27,   87,   -6,  -25, 
			  32,  104,   18,   34,  -14,   47,   47,  -26, 
			 -11,    5,   19,  -17,  -26,  -20,   -4,  -33, 
			  19,    3,  -14,  -63,  -55,  -53,  -35,  -63, 
			  -8,    4,  -56,  -64,  -68,  -46,  -20,  -34, 
			  18,  -16,  -26,  -63,  -51,  -27,    9,    8, 
			 -41,   15,   -3,  -50,    1,  -31,   23,   18, 
		},
		{
			 -40,  -24,   26,   38,   58,   70,    0,  -15, 
			 -28,  -32,  -25,  -48,  -33,   71,   23,  103, 
			 -25,  -18,   -1,   13,   28,   68,   95,   48, 
			 -28,  -20,  -12,   -9,   -7,    1,  -11,    9, 
			 -19,  -11,  -13,   -9,   -2,   -7,    3,   -9, 
			 -17,    1,   -8,   -3,   -9,    3,    3,   -9, 
			 -19,    2,    0,   -2,    0,   10,   15,    2, 
			  -3,  -16,  -10,    3,  -13,  -24,  -40,  -10, 
		},
		{
			  31,   34,   40,   50,   67,   81,   35,   10, 
			  -3,   -8,   20,   49,   21,   49,   62,   39, 
			  -3,    3,    4,   21,   36,   45,   53,   39, 
			 -27,  -15,    4,   15,   -2,   11,   19,   14, 
			 -29,  -32,  -29,  -11,  -13,  -18,   -1,  -22, 
			 -36,  -25,  -12,  -10,   -9,  -18,    0,  -13, 
			 -39,  -20,  -21,  -16,  -17,  -17,   -5,  -58, 
			 -22,  -18,   -6,   -2,   -3,  -13,  -39,  -24, 
		},
		{
			 -23,  -36,  -12,  -42,  -78,  -25,   -2,  -46, 
			 -31,    3,  -15,   -8,   10,   42,   10,   22, 
			 -18,   -3,   34,   11,   47,   31,   35,   30, 
			 -27,   -9,    7,   17,   18,    2,    0,   -8, 
			 -15,   -2,    1,   17,   19,    2,    4,  -26, 
			   9,    9,    7,    2,    4,   11,    2,    8, 
			 -14,   15,    2,   -4,   -2,   14,   24,    1, 
			  -1,  -20,   -9,  -15,  -21,  -19,   -7,  -13, 
		},
		{
			-181,  -55,  -29,  -38,   23,  -82, -102,  -89, 
			 -57,  -23,   57,   18,   64,   63,   14,   11, 
			 -10,   17,   23,   51,   73,   95,   61,    9, 
			  11,   12,   11,   40,   19,   39,    5,   23, 
			  -7,    1,   14,   13,   18,   20,    9,  -14, 
			 -13,   -2,   15,   10,   18,   12,   18,  -15, 
			 -15,  -21,   -1,    4,    3,   13,    0,   -5, 
			 -42,  -14,  -38,  -20,  -21,  -11,  -17,  -60, 
		},
		{
			 -13,  -13,  -13,  -13,  -13,  -13,  -13,  -13, 
			  -4,    4,  -12,   16,   35,   34,  -17,  -37, 
			 -35,  -25,   -5,   -9,    3,   27,  -15,  -41, 
			 -23,   -9,  -15,   -7,    1,  -12,  -21,  -47, 
			 -36,  -13,  -17,   -3,   -8,  -21,  -25,  -57, 
			 -30,  -15,  -12,  -19,   -8,  -30,    0,  -33, 
			 -33,   -7,  -23,  -27,  -19,   -1,   13,  -32, 
			 -13,  -13,  -13,  -13,  -13,  -13,  -13,  -13, 
		},
	},
	{
		{
			 -59,  -28,  -30,  -24,  -24,  -17,  -18,  -37, 
			 -21,  -10,   -9,  -10,   -4,    1,   13,    2, 
			 -18,  -10,    2,    0,    8,   10,   14,    7, 
			 -22,   -5,    3,   11,   12,   16,   10,    0, 
			 -33,   -7,    7,   20,   22,   20,    8,   -2, 
			 -27,  -10,   12,   20,   23,   17,    5,   -6, 
			 -29,   -8,    4,   17,   14,    9,   -6,  -19, 
			 -29,  -29,  -18,  -12,  -33,  -14,  -36,  -52, 
		},
		{
			  -1,    5,  -13,    0,  -17,  -16,  -11,   13, 
			  -9,   -3,   12,   48,   31,   17,   16,  -68, 
			 -25,  -10,   15,    5,   30,  -12,  -32,  -24, 
			 -18,    5,    2,   19,   35,   30,   24,    0, 
			 -10,   -3,    1,   23,   14,    8,    5,  -11, 
			 -32,  -40,    7,   -7,   10,   -5,   -2,  -19, 
			 -16,  -19,  -19,   -6,   -5,  -34,  -47,  -37, 
			 -29,  -29,  -26,  -49,  -18,  -30,  -25,  -48, 
		},
		{
			   4,    1,    0,   -5,  -11,  -18,   -8,   -1, 
			   4,   13,    6,   -6,   -5,   -7,  -15,  -16, 
			   3,    2,    0,   -4,  -12,  -14,  -15,  -18, 
			   4,    1,    2,   -5,   -1,   -6,  -13,  -14, 
			  -1,    4,    6,    2,    1,   -2,  -13,  -14, 
			  -5,   -2,   -6,   -4,   -4,   -6,  -18,  -19, 
			  -2,   -5,   -1,   -1,   -3,    1,   -9,    0, 
			  -5,    1,    0,    3,   -3,   -2,    5,  -18, 
		},
		{
			 -14,  -15,  -18,    2,    3,   -8,  -17,    0, 
			  -6,   -3,    2,   -8,   -4,  -18,   -8,  -34, 
			   4,    4,   -4,    9,   -9,    5,   -9,  -17, 
			  10,   13,    9,   10,    8,    0,    3,  -10, 
			  -5,    3,   13,    6,    7,   12,   -9,   -8, 
			 -13,    0,    7,   11,   18,    1,   -7,  -17, 
			  -8,  -17,  -11,    5,    6,   -5,   -9,  -21, 
			 -27,  -10,  -16,   -3,   -4,  -11,  -20,  -17, 
		},
		{
			  -4,  -32,  -13,   -7,  -22,  -18,  -16,  -64, 
			 -15,   -4,  -17,   -2,  -20,  -20,  -23,  -36, 
			 -13,   -5,   15,   12,   -7,   -5,  -17,  -17, 
			  -7,   15,   21,   26,   24,   17,   16,  -12, 
			  -2,    7,   23,   22,   28,   14,   -3,   -1, 
			 -14,    6,    3,   21,   17,    3,   -3,  -18, 
			 -20,  -10,   -5,    4,    7,    0,   -9,  -17, 
			 -36,  -21,   -5,   -1,   -7,   -1,  -22,  -17, 
		},
		{
			 -26,  -26,  -26,  -26,  -26,  -26,  -26,  -26, 
			 121,  117,  106,   74,   64,   75,  112,  107, 
			  56,   57,   41,   27,   16,    9,   35,   43, 
			  -2,  -10,  -20,  -28,  -33,  -25,  -13,   -9, 
			 -20,  -24,  -36,  -38,  -34,  -32,  -23,  -23, 
			 -27,  -25,  -37,  -27,  -29,  -26,  -25,  -27, 
			 -19,  -22,  -21,  -19,  -20,  -21,  -24,  -27, 
			 -26,  -26,  -26,  -26,  -26,  -26,  -26,  -26, 
		},
	},
}
Iteration: 10
Error: 0.0653516
{
	{ 0, 34, 20, 16, 6, 0 },
	{ 0, 838, 415, 322, 288, 77 },
	{ 0, 730, 382, 212, 195, 102 },
	{
		{
			  98,   53,   75,   60,   87,   71,   61,   42, 
			  31,   91,   50,   45,   27,   87,   -6,  -25, 
			  32,  110,   18,   34,   -8,   47,   47,  -26, 
			 -11,    5,   19,  -17,  -26,  -20,   -4,  -34, 
			  24,    3,  -14,  -63,  -55,  -53,  -35,  -63, 
			  -8,    4,  -56,  -64,  -68,  -46,  -20,  -34, 
			  18,  -16,  -26,  -63,  -51,  -27,    9,    8, 
			 -42,   15,   -3,  -50,    1,  -31,   23,   18, 
		},
		{
			 -40,  -24,   26,   37,   58,   70,    0,  -21, 
			 -28,  -32,  -25,  -48,  -33,   76,   23,  103, 
			 -25,  -18,   -1,   13,   28,   69,   95,   48, 
			 -28,  -20,  -12,   -9,   -7,    1,  -11,    9, 
			 -19,  -11,  -13,   -9,   -2,   -7,    3,   -9, 
			 -17,    1,   -8,   -3,   -9,    3,    3,   -9, 
			 -19,    2,    0,   -2,    0,    9,   15,    2, 
			  -3,  -16,  -10,    3,  -13,  -24,  -40,  -10, 
		},
		{
			  31,   34,   40,   50,   67,   81,   35,   10, 
			  -3,   -8,   20,   49,   21,   49,   62,   39, 
			  -3,    3,    4,   21,   36,   45,   53,   39, 
			 -27,  -15,    4,   15,   -2,   11,   19,   14, 
			 -29,  -32,  -29,  -11,  -13,  -18,   -1,  -22, 
			 -36,  -25,  -12,  -10,   -9,  -18,    0,  -13, 
			 -39,  -20,  -21,  -16,  -17,  -17,   -5,  -58, 
			 -22,  -18,   -6,   -2,   -3,  -13,  -39,  -24, 
		},
		{
			 -23,  -36,  -11,  -42,  -78,  -25,   -2,  -46, 
			 -31,    3,  -15,   -8,   10,   42,   10,   22, 
			 -18,   -3,   34,   11,   47,   31,   35,   30, 
			 -27,   -9,    7,   17,   18,    2,    0,   -8, 
			 -15,   -2,    1,   17,   19,    2,    4,  -26, 
			   9,    9,    7,    2,    4,   11,    2,    8, 
			 -14,   15,    2,   -4,   -2,   14,   24,    1, 
			  -1,  -20,   -9,  -15,  -21,  -19,   -7,  -13, 
		},
		{
			-188,  -55,  -29,  -38,   23,  -89, -102,  -89, 
			 -57,  -23,   57,   18,   64,   63,   14,   10, 
			 -10,   17,   23,   51,   73,   97,   61,    9, 
			  11,   12,   11,   40,   19,   39,    5,   23, 
			  -7,    1,   14,   13,   18,   20,   10,  -14, 
			 -13,   -2,   15,   10,   18,   12,   18,  -15, 
			 -15,  -21,   -1,    4,    3,   12,    0,   -5, 
			 -42,  -14,  -38,  -20,  -21,  -11,  -17,  -60, 
		},
		{
			 -13,  -13,  -13,  -13,  -13,  -13,  -13,  -13, 
			  -4,    4,  -12,   16,   35,   29,  -17,  -37, 
			 -35,  -25,   -5,   -9,    3,   27,  -15,  -41, 
			 -23,   -9,  -15,   -7,    1,  -12,  -21,  -47, 
			 -36,  -13,  -17,   -3,   -8,  -21,  -25,  -57, 
			 -30,  -15,  -12,  -19,   -8,  -30,    0,  -33, 
			 -33,   -7,  -23,  -27,  -19,   -1,   13,  -32, 
			 -13,  -13,  -13,  -13,  -13,  -13,  -13,  -13, 
		},
	},
	{
		{
			 -60,  -28,  -32,  -24,  -24,  -16,  -19,  -37, 
			 -21,  -11,   -9,  -10,   -4,    1,   13,    2, 
			 -18,  -10,    2,    0,    8,    9,   14,    7, 
			 -22,   -5,    3,   11,   12,   16,   10,    0, 
			 -33,   -9,    7,   20,   22,   20,    8,   -2, 
			 -27,  -10,   12,   20,   23,   17,    5,   -6, 
			 -29,   -8,    4,   17,   14,    9,   -6,  -19, 
			 -29,  -29,  -18,  -12,  -33,  -14,  -36,  -52, 
		},
		{
			  -1,    5,  -13,    0,  -17,  -16,  -11,   14, 
			  -9,   -3,   12,   48,   31,   17,   16,  -68, 
			 -25,  -10,   15,    5,   30,   -9,  -32,  -24, 
			 -18,    5,    2,   19,   35,   30,   24,    0, 
			 -10,   -3,    2,   23,   14,    8,    5,  -11, 
			 -32,  -40,    7,   -7,   10,   -5,   -2,  -19, 
			 -16,  -19,  -19,   -6,   -5,  -34,  -47,  -37, 
			 -29,  -29,  -26,  -49,  -18,  -30,  -25,  -48, 
		},
		{
			   4,    1,    0,   -5,  -11,  -18,   -8,   -1, 
			   4,   13,    6,   -6,   -5,   -7,  -15,  -16, 
			   3,    2,    0,   -4,  -12,  -14,  -15,  -18, 
			   4,    1,    2,   -5,   -1,   -6,  -13,  -14, 
			  -1,    4,    6,    2,    1,   -2,  -13,  -14, 
			  -5,   -2,   -6,   -4,   -4,   -6,  -18,  -18, 
			  -2,   -5,   -1,   -1,   -3,    1,   -9,    0, 
			  -5,    1,    0,    3,   -3,   -2,    5,  -18, 
		},
		{
			 -14,  -15,  -17,    2,    3,   -8,  -17,    0, 
			  -6,   -3,    2,   -8,   -4,  -18,   -8,  -34, 
			   4,    4,   -4,    9,   -9,    5,   -9,  -17, 
			  10,   13,    9,   10,    8,    0,    3,  -10, 
			  -5,    3,   13,    6,    7,   12,   -9,   -8, 
			 -13,    0,    7,   11,   18,    1,   -7,  -17, 
			  -8,  -17,  -11,    5,    6,   -5,   -9,  -21, 
			 -27,  -10,  -16,   -3,   -4,  -11,  -20,  -17, 
		},
		{
			   1,  -32,  -13,   -7,  -22,  -18,  -16,  -64, 
			 -15,   -4,  -17,   -2,  -20,  -20,  -23,  -37, 
			 -13,   -5,   15,   12,   -7,   -5,  -17,  -17, 
			  -7,   15,   21,   26,   24,   17,   16,  -12, 
			  -2,    7,   23,   22,   28,   14,   -3,   -1, 
			 -14,    6,    3,   21,   17,    3,   -3,  -18, 
			 -20,  -10,   -5,    4,    7,   -1,   -9,  -16, 
			 -36,  -21,   -5,   -1,   -7,   -1,  -22,  -17, 
		},
		{
			 -26,  -26,  -26,  -26,  -26,  -26,  -26,  -26, 
			 121,  117,  106,   74,   64,   75,  112,  107, 
			  56,   57,   41,   27,   16,    9,   35,   43, 
			  -2,  -10,  -20,  -28,  -33,  -25,  -13,   -9, 
			 -20,  -24,  -36,  -38,  -34,  -32,  -23,  -23, 
			 -27,  -25,  -37,  -27,  -29,  -26,  -25,  -27, 
			 -19,  -22,  -21,  -19,  -20,  -21,  -24,  -27, 
			 -26,  -26,  -26,  -26,  -26,  -26,  -26,  -26, 
		},
	},
}
Iteration: 11
Error: 0.0653507
{
	{ 0, 34, 20, 16, 6, 0 },
	{ 0, 845, 415, 322, 288, 77 },
	{ 0, 725, 382, 212, 195, 102 },
	{
		{
			  97,   53,   75,   65,   87,   66,   61,   42, 
			  31,   90,   50,   45,   27,   88,   -6,  -25, 
			  32,  110,   17,   34,   -8,   47,   47,  -26, 
			 -11,    5,   19,  -17,  -26,  -20,   -4,  -34, 
			  18,    8,  -14,  -63,  -55,  -53,  -35,  -63, 
			  -8,    4,  -56,  -64,  -68,  -46,  -20,  -34, 
			  18,  -16,  -26,  -63,  -51,  -27,    9,    8, 
			 -42,   15,   -3,  -50,    1,  -31,   23,   18, 
		},
		{
			 -40,  -24,   26,   37,   58,   70,    0,  -21, 
			 -28,  -32,  -25,  -48,  -33,   76,   23,  103, 
			 -25,  -18,   -1,   13,   28,   69,   95,   48, 
			 -28,  -20,  -12,   -9,   -7,    1,  -11,    9, 
			 -19,  -11,  -13,   -9,   -2,   -7,    3,   -9, 
			 -17,    1,   -8,   -3,   -9,    3,    3,   -9, 
			 -19,    2,    0,   -2,    0,    9,   15,    2, 
			  -3,  -16,  -10,    3,  -13,  -24,  -40,  -10, 
		},
		{
			  31,   34,   40,   50,   67,   81,   35,   10, 
			  -3,   -8,   20,   49,   21,   49,   62,   40, 
			  -3,    3,    4,   21,   36,   45,   53,   39, 
			 -27,  -15,    4,   15,   -2,   11,   20,   14, 
			 -29,  -32,  -29,  -11,  -13,  -18,   -1,  -22, 
			 -36,  -25,  -12,  -10,   -9,  -18,    0,  -13, 
			 -39,  -20,  -21,  -16,  -17,  -17,   -5,  -58, 
			 -22,  -18,   -6,   -2,   -3,  -13,  -39,  -24, 
		},
		{
			 -23,  -36,  -16,  -42,  -78,  -25,   -2,  -46, 
			 -31,    3,  -15,   -8,   10,   42,   10,   22, 
			 -18,   -3,   34,   11,   47,   31,   35,   30, 
			 -27,   -9,    7,   17,   18,    2,    0,   -8, 
			 -15,   -2,    1,   17,   19,    2,    4,  -26, 
			   9,    9,    7,    2,    4,   11,    2,    8, 
			 -15,   15,    2,   -4,   -2,   14,   24,    1, 
			  -1,  -20,   -9,  -15,  -21,  -19,   -7,  -13, 
		},
		{
			-188,  -55,  -29,  -44,   23,  -89, -102,  -89, 
			 -57,  -23,   57,   18,   64,   63,   14,    9, 
			  -6,   17,   23,   51,   73,   97,   61,    9, 
			  11,   12,   11,   40,   19,   39,    5,   23, 
			  -7,    1,   14,   13,   18,   20,   10,  -14, 
			 -13,   -2,   15,   10,   18,   12,   18,  -15, 
			 -15,  -21,   -1,    4,    3,   12,    0,   -5, 
			 -42,  -14,  -38,  -20,  -21,  -11,  -17,  -60, 
		},
		{
			 -13,  -13,  -13,  -13,  -13,  -13,  -13,  -13, 
			  -4,    4,  -12,   16,   35,   29,  -17,  -37, 
			 -35,  -25,   -5,   -9,    3,   27,  -15,  -41, 
			 -23,   -9,  -15,   -7,    1,  -12,  -21,  -47, 
			 -36,  -13,  -17,   -3,   -8,  -21,  -25,  -57, 
			 -30,  -15,  -12,  -19,   -8,  -30,    0,  -33, 
			 -33,   -7,  -23,  -27,  -19,   -1,   13,  -32, 
			 -13,  -13,  -13,  -13,  -13,  -13,  -13,  -13, 
		},
	},
	{
		{
			 -60,  -28,  -32,  -24,  -24,  -16,  -19,  -37, 
			 -21,  -12,   -9,  -10,   -4,    1,   13,    2, 
			 -18,  -10,    2,    0,    8,    9,   14,    7, 
			 -22,   -5,    3,   11,   12,   16,   10,    0, 
			 -33,   -9,    7,   20,   22,   20,    8,   -2, 
			 -27,  -10,   12,   20,   23,   17,    5,   -6, 
			 -29,   -8,    4,   17,   14,    9,   -6,  -19, 
			 -29,  -29,  -18,  -12,  -33,  -14,  -36,  -52, 
		},
		{
			  -1,    5,  -13,    0,  -17,  -16,  -11,   14, 
			  -9,   -3,   12,   48,   31,   17,   16,  -68, 
			 -25,  -10,   15,    5,   30,   -9,  -32,  -24, 
			 -18,    5,    2,   19,   35,   30,   24,    0, 
			 -10,   -3,    2,   23,   14,    8,    5,  -11, 
			 -32,  -40,    7,   -7,   10,   -5,   -2,  -18, 
			 -16,  -19,  -18,   -6,   -5,  -34,  -47,  -39, 
			 -29,  -29,  -26,  -49,  -18,  -30,  -26,  -48, 
		},
		{
			   4,    1,    0,   -5,  -11,  -18,   -8,   -1, 
			   4,   13,    6,   -6,   -5,   -7,  -15,  -16, 
			   3,    2,    0,   -4,  -12,  -14,  -15,  -18, 
			   4,    1,    2,   -5,   -1,   -6,  -13,  -14, 
			  -1,    4,    6,    2,    1,   -2,  -13,  -14, 
			  -5,   -2,   -6,   -4,   -4,   -6,  -18,  -18, 
			  -2,   -5,   -1,   -1,   -3,    1,   -9,    0, 
			  -5,    1,    0,    3,   -3,   -2,    5,  -18, 
		},
		{
			 -14,  -15,  -17,    2,    3,   -8,  -17,    0, 
			  -6,   -3,    2,   -8,   -4,  -18,   -8,  -34, 
			   4,    4,   -5,    9,   -9,    5,   -9,  -17, 
			  10,   13,    9,   10,    8,    0,    3,  -10, 
			  -5,    3,   13,    6,    7,   12,   -9,   -8, 
			 -13,    0,    7,   11,   18,    1,   -7,  -17, 
			  -8,  -17,  -11,    5,    6,   -5,   -9,  -21, 
			 -27,  -10,  -16,   -3,   -4,  -11,  -20,  -17, 
		},
		{
			  -4,  -32,  -13,   -7,  -22,  -15,  -16,  -64, 
			 -15,   -4,  -17,   -2,  -20,  -20,  -23,  -37, 
			 -14,   -5,   15,   12,   -8,   -5,  -18,  -17, 
			  -7,   15,   21,   26,   24,   17,   16,  -12, 
			  -2,    7,   23,   22,   28,   14,   -3,   -1, 
			 -14,    6,    3,   21,   17,    3,   -3,  -18, 
			 -20,  -11,   -5,    4,    7,   -1,   -9,  -16, 
			 -36,  -21,   -5,   -1,   -7,   -1,  -22,  -17, 
		},
		{
			 -26,  -26,  -26,  -26,  -26,  -26,  -26,  -26, 
			 121,  117,  106,   74,   64,   75,  112,  107, 
			  56,   57,   41,   27,   16,    9,   35,   43, 
			  -2,  -10,  -20,  -28,  -33,  -25,  -13,   -9, 
			 -20,  -24,  -36,  -38,  -34,  -32,  -23,  -23, 
			 -27,  -25,  -37,  -27,  -29,  -26,  -25,  -27, 
			 -19,  -22,  -21,  -19,  -20,  -21,  -24,  -27, 
			 -26,  -26,  -26,  -26,  -26,  -26,  -26,  -26, 
		},
	},
}
Iteration: 12
Error: 0.0653502
{
	{ 0, 34, 20, 16, 6, 0 },
	{ 0, 849, 415, 322, 288, 77 },
	{ 0, 719, 382, 212, 195, 102 },
	{
		{
			  97,   58,   75,   65,   87,   66,   61,   42, 
			  31,   90,   50,   45,   27,   88,   -6,  -25, 
			  32,  110,   17,   34,   -8,   47,   47,  -26, 
			 -11,    4,   19,  -17,  -26,  -20,   -4,  -34, 
			  18,    8,  -14,  -63,  -55,  -53,  -35,  -63, 
			  -8,    4,  -56,  -64,  -68,  -46,  -20,  -34, 
			  18,  -16,  -26,  -63,  -51,  -27,    9,    8, 
			 -42,   15,   -3,  -50,    1,  -31,   23,   18, 
		},
		{
			 -40,  -19,   26,   37,   63,   70,    0,  -21, 
			 -28,  -32,  -25,  -48,  -33,   76,   23,  103, 
			 -25,  -18,   -1,   13,   28,   69,   95,   48, 
			 -28,  -20,  -12,   -9,   -7,    1,  -11,    9, 
			 -19,  -11,  -13,   -9,   -2,   -7,    3,   -9, 
			 -17,    1,   -8,   -3,   -9,    3,    3,   -9, 
			 -19,    2,    0,   -2,    0,    9,   15,    2, 
			  -3,  -16,  -10,    3,  -13,  -24,  -41,  -10, 
		},
		{
			  30,   34,   40,   50,   67,   81,   35,   10, 
			  -3,   -8,   20,   49,   21,   49,   62,   40, 
			  -3,    3,    4,   21,   36,   45,   53,   39, 
			 -27,  -15,    4,   14,   -2,   11,   20,   14, 
			 -29,  -32,  -29,  -11,  -13,  -18,   -1,  -22, 
			 -36,  -25,  -12,  -10,   -9,  -18,    0,  -13, 
			 -39,  -20,  -21,  -16,  -17,  -17,   -5,  -58, 
			 -22,  -18,   -6,   -2,   -3,  -13,  -39,  -24, 
		},
		{
			 -23,  -36,  -16,  -42,  -78,  -25,   -2,  -46, 
			 -32,    3,  -15,   -8,   10,   42,   10,   22, 
			 -18,   -3,   34,   11,   47,   31,   40,   30, 
			 -27,   -9,    7,   17,   18,    2,    0,   -8, 
			 -15,   -2,    1,   17,   19,    2,    4,  -26, 
			   9,    9,    7,    2,    4,   11,    2,    8, 
			 -15,   15,    2,   -4,   -2,   14,   24,    1, 
			  -1,  -20,   -9,  -15,  -21,  -19,   -7,  -13, 
		},
		{
			-188,  -55,  -29,  -44,   29,  -89, -102,  -89, 
			 -57,  -23,   57,   18,   64,   63,   14,    9, 
			  -5,   17,   23,   51,   73,   97,   61,    9, 
			  11,   12,   11,   40,   19,   39,    5,   24, 
			  -7,    1,   14,   13,   18,   20,   10,  -14, 
			 -13,   -2,   15,   10,   18,   12,   18,  -15, 
			 -15,  -21,   -1,    4,    3,   12,    0,   -5, 
			 -42,  -14,  -38,  -20,  -21,  -11,  -17,  -60, 
		},
		{
			 -13,  -13,  -13,  -13,  -13,  -13,  -13,  -13, 
			  -4,    4,  -12,   16,   35,   29,  -17,  -37, 
			 -35,  -25,   -5,   -9,    3,   27,  -15,  -41, 
			 -23,   -9,  -15,   -7,    1,  -12,  -21,  -47, 
			 -36,  -13,  -17,   -3,   -8,  -21,  -25,  -57, 
			 -30,  -15,  -12,  -19,   -8,  -30,    0,  -33, 
			 -33,   -7,  -23,  -27,  -19,   -1,   13,  -32, 
			 -13,  -13,  -13,  -13,  -13,  -13,  -13,  -13, 
		},
	},
	{
		{
			 -60,  -30,  -32,  -24,  -24,  -16,  -19,  -37, 
			 -21,  -12,   -9,  -10,   -5,    1,   13,    2, 
			 -18,  -10,    2,    0,    8,    9,   14,    7, 
			 -22,   -5,    3,   11,   12,   16,   10,    0, 
			 -33,   -9,    7,   20,   22,   20,    8,   -2, 
			 -27,  -10,   12,   20,   23,   17,    5,   -6, 
			 -29,   -8,    4,   17,   14,    9,   -6,  -19, 
			 -29,  -29,  -18,  -12,  -33,  -14,  -36,  -52, 
		},
		{
			  -1,    5,  -13,    0,  -17,  -16,  -11,   14, 
			  -9,   -3,   12,   48,   31,   17,   16,  -68, 
			 -25,  -10,   15,    5,   30,   -9,  -32,  -24, 
			 -18,    5,    2,   19,   35,   30,   24,    0, 
			 -10,   -3,    2,   23,   14,    8,    5,  -11, 
			 -32,  -40,    7,   -7,   10,   -5,   -2,  -18, 
			 -16,  -19,  -18,   -6,   -5,  -34,  -47,  -39, 
			 -29,  -29,  -26,  -49,  -18,  -30,  -26,  -48, 
		},
		{
			   4,    1,    0,   -5,  -11,  -19,   -8,   -1, 
			   4,   13,    6,   -6,   -5,   -7,  -15,  -15, 
			   3,    2,    0,   -4,  -12,  -14,  -15,  -18, 
			   4,    1,    2,   -5,   -1,   -6,  -13,  -14, 
			  -1,    4,    6,    2,    1,   -2,  -13,  -14, 
			  -5,   -2,   -6,   -4,   -4,   -6,  -18,  -18, 
			  -2,   -5,   -1,   -1,   -3,    1,   -9,    0, 
			  -5,    1,    0,    3,   -3,   -2,    5,  -18, 
		},
		{
			 -14,  -15,  -17,    2,    3,   -8,  -17,    0, 
			  -6,   -3,    2,   -8,   -4,  -18,   -8,  -34, 
			   4,    4,   -5,    9,   -9,    5,   -9,  -17, 
			  10,   13,    9,   10,    8,    0,    3,  -10, 
			  -5,    3,   13,    6,    7,   12,   -9,   -8, 
			 -13,    0,    7,   11,   18,    1,   -7,  -17, 
			  -9,  -17,  -11,    5,    6,   -5,   -9,  -21, 
			 -27,  -10,  -16,   -3,   -4,  -11,  -20,  -16, 
		},
		{
			   1,  -32,  -13,   -8,  -22,  -14,  -16,  -64, 
			 -15,   -4,  -17,   -2,  -20,  -20,  -23,  -37, 
			 -14,   -5,   15,   12,   -7,   -5,  -18,  -17, 
			  -7,   15,   21,   26,   24,   17,   16,  -12, 
			  -2,    7,   23,   22,   28,   14,   -3,   -1, 
			 -14,    6,    3,   21,   17,    3,   -3,  -18, 
			 -20,  -11,   -5,    4,    7,   -1,   -9,  -16, 
			 -36,  -21,   -5,   -1,   -7,   -1,  -22,  -17, 
		},
		{
			 -26,  -26,  -26,  -26,  -26,  -26,  -26,  -26, 
			 120,  117,  104,   74,   64,   75,  112,  107, 
			  56,   57,   41,   27,   16,    9,   35,   43, 
			  -2,  -10,  -20,  -28,  -33,  -25,  -13,   -9, 
			 -20,  -24,  -36,  -38,  -34,  -32,  -23,  -23, 
			 -27,  -25,  -37,  -27,  -29,  -26,  -25,  -27, 
			 -19,  -22,  -21,  -19,  -20,  -21,  -24,  -27, 
			 -26,  -26,  -26,  -26,  -26,  -26,  -26,  -26, 
		},
	},
}
Iteration: 13
Error: 0.0653496
{
	{ 0, 34, 20, 16, 6, 0 },
	{ 0, 858, 415, 322, 288, 77 },
	{ 0, 715, 382, 212, 195, 102 },
	{
		{
			  97,   68,   76,   65,   87,   66,   61,   41, 
			  31,   89,   50,   45,   27,   88,   -6,  -25, 
			  32,  110,   17,   34,   -8,   47,   47,  -26, 
			 -11,   10,   19,  -17,  -26,  -20,   -4,  -34, 
			  18,    8,   -9,  -63,  -55,  -53,  -35,  -63, 
			  -8,    4,  -56,  -64,  -68,  -46,  -20,  -34, 
			  18,  -16,  -26,  -63,  -51,  -27,    9,    8, 
			 -42,   15,   -3,  -50,    1,  -31,   23,   18, 
		},
		{
			 -40,  -19,   26,   37,   63,   70,    1,  -21, 
			 -28,  -32,  -25,  -48,  -33,   76,   23,  103, 
			 -25,  -18,   -1,   13,   28,   69,   95,   48, 
			 -28,  -20,  -12,   -9,   -7,    1,  -11,    9, 
			 -19,  -11,  -13,   -9,   -2,   -7,    3,   -9, 
			 -17,    1,   -8,   -3,   -9,    3,    3,   -9, 
			 -19,    2,    0,   -2,    0,    9,   15,    2, 
			  -3,  -16,  -10,    3,  -13,  -24,  -41,  -10, 
		},
		{
			  30,   34,   40,   50,   67,   87,   35,   10, 
			   2,   -8,   20,   49,   21,   49,   62,   40, 
			  -3,    3,    4,   21,   36,   45,   53,   39, 
			 -27,  -15,    4,   14,   -2,   11,   20,   14, 
			 -29,  -32,  -29,  -11,  -13,  -18,   -1,  -22, 
			 -36,  -25,  -12,  -10,   -9,  -18,    0,  -13, 
			 -39,  -20,  -21,  -16,  -17,  -17,   -5,  -58, 
			 -22,  -18,   -6,   -2,   -3,  -13,  -39,  -24, 
		},
		{
			 -23,  -36,  -16,  -42,  -78,  -25,   -2,  -46, 
			 -32,    3,  -15,   -8,    9,   42,   10,   22, 
			 -18,   -3,   34,   11,   47,   31,   40,   30, 
			 -27,   -9,    7,   17,   18,    2,    0,   -8, 
			 -15,   -2,    1,   17,   19,    2,    4,  -26, 
			   9,    9,    7,    2,    4,   11,    2,    8, 
			 -15,   15,    2,   -4,   -2,   14,   24,    1, 
			  -1,  -20,   -9,  -15,  -21,  -19,   -7,  -13, 
		},
		{
			-188,  -55,  -29,  -45,   29,  -89, -102,  -89, 
			 -57,  -23,   57,   18,   64,   63,   14,    9, 
			  -6,   17,   23,   52,   73,   97,   61,    9, 
			  11,   12,   11,   40,   19,   39,    5,   24, 
			  -7,    1,   14,   13,   18,   20,   10,  -14, 
			 -13,   -2,   15,   10,   18,   12,   18,  -15, 
			 -15,  -21,   -1,    4,    3,   12,    0,   -5, 
			 -42,  -14,  -38,  -20,  -21,  -11,  -17,  -60, 
		},
		{
			 -13,  -13,  -13,  -13,  -13,  -13,  -13,  -13, 
			  -4,    4,  -12,   16,   35,   29,  -17,  -37, 
			 -35,  -25,   -5,   -9,    3,   27,  -15,  -41, 
			 -23,   -9,  -15,   -7,    1,  -12,  -21,  -47, 
			 -36,  -13,  -17,   -3,   -8,  -21,  -25,  -57, 
			 -30,  -15,  -12,  -19,   -8,  -30,    0,  -33, 
			 -33,   -7,  -23,  -27,  -19,   -1,   13,  -32, 
			 -13,  -13,  -13,  -13,  -13,  -13,  -13,  -13, 
		},
	},
	{
		{
			 -60,  -30,  -32,  -24,  -24,  -16,  -19,  -37, 
			 -21,  -12,   -9,  -10,   -5,    1,   13,    2, 
			 -18,  -10,    2,    0,    7,    9,   14,    7, 
			 -22,   -5,    3,   11,   12,   16,   10,    0, 
			 -33,   -9,    6,   20,   22,   20,    8,   -2, 
			 -27,  -10,   12,   20,   23,   17,    5,   -6, 
			 -29,   -8,    4,   17,   14,    9,   -6,  -19, 
			 -29,  -29,  -18,  -12,  -33,  -14,  -36,  -52, 
		},
		{
			  -1,    5,  -13,    0,  -17,  -16,  -11,   14, 
			  -9,   -3,   12,   48,   32,   17,   16,  -68, 
			 -24,  -10,   15,    5,   30,   -9,  -32,  -24, 
			 -18,    5,    2,   19,   35,   30,   24,    0, 
			 -10,   -3,    2,   23,   14,    8,    5,  -11, 
			 -32,  -40,    7,   -7,   10,   -5,   -2,  -18, 
			 -16,  -19,  -18,   -6,   -5,  -34,  -47,  -38, 
			 -29,  -29,  -26,  -49,  -18,  -30,  -26,  -48, 
		},
		{
			   4,    1,    0,   -5,  -11,  -19,   -8,   -1, 
			   4,   13,    6,   -6,   -5,   -7,  -15,  -15, 
			   3,    2,    0,   -4,  -12,  -14,  -15,  -18, 
			   4,    1,    2,   -5,   -1,   -6,  -13,  -14, 
			  -1,    4,    6,    2,    1,   -2,  -13,  -14, 
			  -5,   -2,   -6,   -4,   -4,   -6,  -18,  -18, 
			  -2,   -5,   -1,   -1,   -3,    1,   -9,    0, 
			  -5,    1,    0,    3,   -3,   -2,    5,  -18, 
		},
		{
			 -14,  -15,  -17,    2,    3,   -8,  -17,    0, 
			  -6,   -3,    2,   -8,   -4,  -18,   -8,  -34, 
			   4,    4,   -5,    9,  -10,    5,   -9,  -17, 
			  10,   13,    9,   10,    8,    0,    3,  -10, 
			  -5,    3,   13,    6,    7,   12,   -9,   -8, 
			 -13,    0,    7,   11,   18,    1,   -7,  -17, 
			  -9,  -17,  -11,    5,    6,   -5,   -9,  -21, 
			 -27,  -10,  -16,   -3,   -4,  -11,  -20,  -16, 
		},
		{
			   1,  -32,  -13,   -8,  -23,  -14,  -16,  -64, 
			 -15,   -4,  -17,   -2,  -20,  -20,  -23,  -37, 
			 -14,   -5,   15,   12,   -8,   -5,  -18,  -17, 
			  -7,   15,   21,   26,   24,   17,   16,  -12, 
			  -2,    7,   23,   22,   28,   14,   -3,   -1, 
			 -14,    6,    3,   21,   17,    3,   -3,  -18, 
			 -20,  -10,   -5,    4,    7,   -1,   -9,  -16, 
			 -36,  -21,   -5,   -1,   -7,   -2,  -22,  -17, 
		},
		{
			 -26,  -26,  -26,  -26,  -26,  -26,  -26,  -26, 
			 120,  117,  104,   74,   64,   75,  112,  107, 
			  56,   57,   41,   27,   16,    9,   35,   43, 
			  -2,  -10,  -20,  -28,  -33,  -25,  -13,   -9, 
			 -20,  -24,  -36,  -38,  -34,  -32,  -23,  -23, 
			 -27,  -25,  -37,  -27,  -29,  -26,  -25,  -27, 
			 -19,  -22,  -21,  -19,  -20,  -21,  -24,  -27, 
			 -26,  -26,  -26,  -26,  -26,  -26,  -26,  -26, 
		},
	},
}
